-138.255	6.656600E-07	734.9588	114.6668	0.002304349	0.1765573
-137.7713	7.296508E-07	734.507	114.6900	0.002257998	0.1763992
-137.2876	7.992111E-07	734.0553	114.7134	0.002213295	0.1762402
-136.8038	8.747696E-07	733.6037	114.7367	0.002170155	0.1760801
-136.3201	9.567892E-07	733.1521	114.7602	0.002128496	0.1759191
-135.8364	1.045760E-06	732.7007	114.7836	0.002088246	0.1757571
-135.3527	1.142204E-06	732.2493	114.8072	0.002049333	0.1755941
-134.869	1.246683E-06	731.7979	114.8308	0.002011693	0.1754302
-134.3853	1.359788E-06	731.3467	114.8545	0.001975264	0.1752653
-133.9015	1.482153E-06	730.8955	114.8782	0.001939990	0.1750995
-133.4178	1.614452E-06	730.4444	114.9021	0.001905816	0.1749328
-132.9341	1.757393E-06	729.9933	114.9260	0.001872693	0.1747652
-132.4504	1.911743E-06	729.5423	114.9500	0.001840573	0.1745966
-131.9667	2.078303E-06	729.0914	114.9742	0.001809412	0.1744272
-131.483	2.257931E-06	728.6405	114.9985	0.001779167	0.1742569
-130.9992	2.451530E-06	728.1896	115.0228	0.001749799	0.1740857
-130.5155	2.660065E-06	727.7388	115.0473	0.001721270	0.1739136
-130.0318	2.884549E-06	727.2881	115.0720	0.001693546	0.1737406
-129.5481	3.126060E-06	726.8374	115.0967	0.001666594	0.1735668
-129.0644	3.385738E-06	726.3867	115.1216	0.001640381	0.1733921
-128.5807	3.664789E-06	725.936	115.1467	0.001614877	0.1732166
-128.0969	3.964484E-06	725.4854	115.1719	0.001590056	0.1730403
-127.6132	4.286167E-06	725.0348	115.1972	0.001565890	0.1728632
-127.1295	4.631259E-06	724.5843	115.2228	0.001542353	0.1726852
-126.6458	5.001258E-06	724.1338	115.2484	0.001519422	0.1725064
-126.1621	5.397742E-06	723.6833	115.2743	0.001497073	0.1723268
-125.6784	5.822378E-06	723.2328	115.3003	0.001475286	0.1721464
-125.1946	6.276917E-06	722.7823	115.3265	0.001454039	0.1719653
-124.7109	6.763212E-06	722.3319	115.3529	0.001433313	0.1717833
-124.2272	7.283196E-06	721.8814	115.3794	0.001413089	0.1716006
-123.7435	7.838922E-06	721.431	115.4062	0.001393349	0.1714172
-123.2598	8.432540E-06	720.9806	115.4331	0.001374076	0.1712329
-122.7761	9.066308E-06	720.5302	115.4603	0.001355255	0.1710480
-122.2923	9.742602E-06	720.0798	115.4876	0.001336869	0.1708623
-121.8086	1.046391E-05	719.6294	115.5152	0.001318904	0.1706758
-121.3249	1.123284E-05	719.179	115.5430	0.001301346	0.1704887
-120.8412	1.205215E-05	718.7286	115.5710	0.001284181	0.1703008
-120.3575	1.292472E-05	718.2782	115.5992	0.001267396	0.1701122
-119.8738	1.385354E-05	717.8278	115.6276	0.001250980	0.1699229
-119.39	1.484180E-05	717.3774	115.6563	0.001234920	0.1697330
-118.9063	1.589278E-05	716.9269	115.6851	0.001219204	0.1695423
-118.4226	1.700995E-05	716.4765	115.7143	0.001203823	0.1693510
-117.9389	1.819695E-05	716.026	115.7436	0.001188766	0.1691590
-117.4552	1.945754E-05	715.5756	115.7732	0.001174023	0.1689663
-116.9715	2.079569E-05	715.1251	115.8030	0.001159584	0.1687730
-116.4877	2.221553E-05	714.6746	115.8331	0.001145440	0.1685790
-116.004	2.372140E-05	714.224	115.8635	0.001131582	0.1683844
-115.5203	2.531779E-05	713.7735	115.8941	0.001118002	0.1681891
-115.0366	2.700941E-05	713.3229	115.9249	0.001104692	0.1679933
-114.5529	2.880118E-05	712.8723	115.9560	0.001091644	0.1677968
-114.0692	3.069821E-05	712.4216	115.9874	0.001078850	0.1675996
-113.5854	3.270585E-05	711.971	116.0191	0.001066304	0.1674019
-113.1017	3.482965E-05	711.5203	116.0510	0.001053998	0.1672036
-112.618	3.707541E-05	711.0695	116.0832	0.001041925	0.1670047
-112.1343	3.944915E-05	710.6187	116.1156	0.001030080	0.1668052
-111.6506	4.195716E-05	710.1679	116.1484	0.001018455	0.1666051
-111.1669	4.460597E-05	709.717	116.1814	0.001007046	0.1664045
-110.6831	4.740236E-05	709.2661	116.2147	0.0009958451	0.1662033
-110.1994	5.035340E-05	708.8152	116.2483	0.0009848482	0.1660015
-109.7157	5.346642E-05	708.3642	116.2822	0.0009740496	0.1657992
-109.232	5.674905E-05	707.9131	116.3164	0.0009634440	0.1655963
-108.7483	6.020921E-05	707.462	116.3509	0.0009530265	0.1653929
-108.2646	6.385510E-05	707.0108	116.3857	0.0009427921	0.1651890
-107.7808	6.769527E-05	706.5596	116.4208	0.0009327363	0.1649845
-107.2971	7.173856E-05	706.1084	116.4561	0.0009228546	0.1647796
-106.8134	7.599414E-05	705.657	116.4918	0.0009131425	0.1645741
-106.3297	8.047152E-05	705.2056	116.5279	0.0009035959	0.1643681
-105.846	8.518057E-05	704.7542	116.5642	0.0008942106	0.1641616
-105.3623	9.013150E-05	704.3027	116.6008	0.0008849828	0.1639546
-104.8785	9.533488E-05	703.8511	116.6378	0.0008759087	0.1637471
-104.3948	0.0001008017	703.3994	116.6750	0.0008669845	0.1635392
-103.9111	0.0001065432	702.9477	116.7126	0.0008582066	0.1633307
-103.4274	0.0001125712	702.4959	116.7506	0.0008495716	0.1631218
-102.9437	0.0001188978	702.044	116.7888	0.0008410762	0.1629125
-102.46	0.0001255355	701.5921	116.8274	0.0008327171	0.1627027
-101.9762	0.0001324974	701.1401	116.8663	0.0008244911	0.1624924
-101.4925	0.0001397967	700.688	116.9056	0.0008163953	0.1622817
-101.0088	0.0001474474	700.2358	116.9452	0.0008084265	0.1620705
-100.5251	0.0001554637	699.7835	116.9851	0.0008005821	0.1618590
-100.0414	0.0001638604	699.3312	117.0254	0.0007928591	0.1616470
-99.55767	0.0001726528	698.8787	117.0660	0.0007852549	0.1614345
-99.07395	0.0001818565	698.4262	117.1069	0.0007777668	0.1612217
-98.59023	0.0001914878	697.9736	117.1482	0.0007703924	0.1610085
-98.10652	0.0002015633	697.5209	117.1899	0.0007631291	0.1607948
-97.6228	0.0002121004	697.0681	117.2319	0.0007559745	0.1605808
-97.13908	0.0002231168	696.6152	117.2743	0.0007489263	0.1603663
-96.65537	0.0002346307	696.1622	117.3170	0.0007419823	0.1601515
-96.17165	0.0002466611	695.7091	117.3601	0.0007351402	0.1599363
-95.68793	0.0002592274	695.2559	117.4035	0.0007283979	0.1597208
-95.20422	0.0002723495	694.8026	117.4473	0.0007217533	0.1595048
-94.7205	0.0002860481	694.3492	117.4915	0.0007152044	0.1592885
-94.23678	0.0003003442	693.8957	117.5360	0.0007087492	0.1590719
-93.75307	0.0003152598	693.442	117.5809	0.0007023859	0.1588548
-93.26935	0.0003308171	692.9883	117.6262	0.0006961124	0.1586375
-92.78563	0.0003470392	692.5344	117.6718	0.0006899271	0.1584198
-92.30192	0.0003639498	692.0805	117.7178	0.0006838282	0.1582018
-91.8182	0.0003815733	691.6264	117.7642	0.0006778139	0.1579834
-91.33448	0.0003999345	691.1722	117.8110	0.0006718826	0.1577647
-90.85077	0.0004190592	690.7179	117.8581	0.0006660326	0.1575457
-90.36705	0.0004389737	690.2634	117.9056	0.0006602624	0.1573264
-89.88333	0.0004597051	689.8089	117.9535	0.0006545704	0.1571068
-89.39962	0.0004812811	689.3542	118.0018	0.0006489551	0.1568868
-88.9159	0.0005037303	688.8994	118.0505	0.0006434150	0.1566666
-88.43218	0.0005270819	688.4444	118.0996	0.0006379488	0.1564461
-87.94847	0.0005513659	687.9893	118.1490	0.0006325549	0.1562253
-87.46475	0.0005766130	687.5341	118.1988	0.0006272321	0.1560042
-86.98103	0.0006028547	687.0788	118.2491	0.0006219790	0.1557828
-86.49732	0.0006301234	686.6233	118.2997	0.0006167943	0.1555612
-86.0136	0.0006584521	686.1677	118.3507	0.0006116768	0.1553393
-85.52988	0.0006878747	685.7119	118.4021	0.0006066253	0.1551171
-85.04617	0.0007184260	685.256	118.4539	0.0006016384	0.1548946
-84.56245	0.0007501416	684.7999	118.5061	0.0005967151	0.1546720
-84.07873	0.0007830578	684.3437	118.5587	0.0005918543	0.1544490
-83.59502	0.0008172119	683.8874	118.6117	0.0005870547	0.1542259
-83.1113	0.0008526420	683.4309	118.6651	0.0005823153	0.1540024
-82.62758	0.0008893873	682.9742	118.7189	0.0005776351	0.1537788
-82.14387	0.0009274874	682.5174	118.7731	0.0005730129	0.1535549
-81.66015	0.0009669834	682.0604	118.8278	0.0005684478	0.1533308
-81.17643	0.001007917	681.6033	118.8828	0.0005639388	0.1531065
-80.69272	0.001050330	681.146	118.9382	0.0005594850	0.1528820
-80.209	0.001094268	680.6886	118.9941	0.0005550852	0.1526572
-79.72528	0.001139773	680.231	119.0503	0.0005507388	0.1524323
-79.24157	0.001186893	679.7732	119.1070	0.0005464446	0.1522071
-78.75785	0.001235672	679.3152	119.1641	0.0005422019	0.1519818
-78.27413	0.001286160	678.8571	119.2215	0.0005380097	0.1517562
-77.79042	0.001338403	678.3988	119.2795	0.0005338673	0.1515305
-77.3067	0.001392453	677.9403	119.3378	0.0005297738	0.1513046
-76.82298	0.001448358	677.4817	119.3965	0.0005257284	0.1510785
-76.33927	0.001506171	677.0229	119.4557	0.0005217303	0.1508522
-75.85555	0.001565944	676.5639	119.5152	0.0005177786	0.1506258
-75.37183	0.001627732	676.1047	119.5752	0.0005138728	0.1503992
-74.88812	0.001691587	675.6453	119.6357	0.0005100119	0.1501724
-74.4044	0.001757567	675.1857	119.6965	0.0005061954	0.1499455
-73.92068	0.001825728	674.726	119.7577	0.0005024224	0.1497184
-73.43697	0.001896129	674.266	119.8194	0.0004986923	0.1494912
-72.95325	0.001968827	673.8059	119.8815	0.0004950044	0.1492638
-72.46953	0.002043883	673.3456	119.9441	0.0004913580	0.1490363
-71.98582	0.002121359	672.885	120.0070	0.0004877525	0.1488087
-71.5021	0.002201318	672.4243	120.0704	0.0004841872	0.1485809
-71.01838	0.002283821	671.9633	120.1342	0.0004806616	0.1483530
-70.53467	0.002368935	671.5022	120.1985	0.0004771749	0.1481250
-70.05095	0.002456725	671.0409	120.2631	0.0004737266	0.1478968
-69.56723	0.002547258	670.5793	120.3282	0.0004703161	0.1476686
-69.08352	0.002640603	670.1175	120.3938	0.0004669428	0.1474402
-68.5998	0.002736829	669.6556	120.4597	0.0004636062	0.1472117
-68.11608	0.002836006	669.1934	120.5261	0.0004603056	0.1469832
-67.63237	0.002938207	668.731	120.5930	0.0004570406	0.1467545
-67.14865	0.003043504	668.2683	120.6602	0.0004538107	0.1465257
-66.66493	0.003151972	667.8055	120.7279	0.0004506152	0.1462968
-66.18122	0.003263687	667.3424	120.7960	0.0004474537	0.1460679
-65.6975	0.003378725	666.8791	120.8646	0.0004443256	0.1458388
-65.21378	0.003497165	666.4156	120.9336	0.0004412306	0.1456097
-64.73007	0.003619085	665.9518	121.0030	0.0004381680	0.1453805
-64.24635	0.003744567	665.4878	121.0729	0.0004351375	0.1451512
-63.76263	0.003873692	665.0236	121.1432	0.0004321385	0.1449219
-63.27892	0.004006543	664.5591	121.2140	0.0004291706	0.1446925
-62.7952	0.004143205	664.0944	121.2852	0.0004262333	0.1444630
-62.31148	0.004283765	663.6295	121.3568	0.0004233263	0.1442335
-61.82777	0.004428308	663.1643	121.4289	0.0004204490	0.1440039
-61.34405	0.004576923	662.6988	121.5014	0.0004176011	0.1437742
-60.86033	0.004729701	662.2331	121.5743	0.0004147821	0.1435446
-60.37662	0.004886732	661.7672	121.6477	0.0004119916	0.1433148
-59.8929	0.005048108	661.301	121.7215	0.0004092293	0.1430851
-59.40918	0.005213924	660.8345	121.7958	0.0004064947	0.1428553
-58.92547	0.005384275	660.3678	121.8705	0.0004037874	0.1426254
-58.44175	0.005559257	659.9009	121.9457	0.0004011071	0.1423956
-57.95803	0.005738968	659.4336	122.0213	0.0003984533	0.1421657
-57.47432	0.005923507	658.9661	122.0973	0.0003958258	0.1419357
-56.9906	0.006112976	658.4984	122.1738	0.0003932242	0.1417058
-56.50688	0.006307475	658.0303	122.2507	0.0003906481	0.1414759
-56.02317	0.006507109	657.562	122.3281	0.0003880971	0.1412459
-55.53945	0.006711982	657.0934	122.4059	0.0003855709	0.1410159
-55.05573	0.006922200	656.6246	122.4842	0.0003830692	0.1407859
-54.57202	0.007137872	656.1554	122.5629	0.0003805917	0.1405559
-54.0883	0.007359106	655.686	122.6421	0.0003781380	0.1403260
-53.60458	0.007586012	655.2163	122.7217	0.0003757078	0.1400960
-53.12087	0.007818703	654.7463	122.8018	0.0003733009	0.1398660
-52.63715	0.008057291	654.276	122.8823	0.0003709168	0.1396360
-52.15343	0.008301892	653.8055	122.9632	0.0003685553	0.1394061
-51.66972	0.008552622	653.3346	123.0446	0.0003662161	0.1391761
-51.186	0.008809598	652.8634	123.1264	0.0003638988	0.1389462
-50.70228	0.009072939	652.3919	123.2087	0.0003616033	0.1387163
-50.21857	0.009342767	651.9202	123.2915	0.0003593293	0.1384865
-49.73485	0.009619201	651.4481	123.3747	0.0003570763	0.1382566
-49.25113	0.009902367	650.9757	123.4583	0.0003548443	0.1380268
-48.76742	0.01019239	650.503	123.5424	0.0003526329	0.1377970
-48.2837	0.01048939	650.03	123.6269	0.0003504418	0.1375673
-47.79998	0.01079351	649.5567	123.7119	0.0003482708	0.1373376
-47.31627	0.01110486	649.083	123.7974	0.0003461196	0.1371080
-46.83255	0.01142358	648.6091	123.8833	0.0003439880	0.1368783
-46.34883	0.01174981	648.1348	123.9696	0.0003418757	0.1366488
-45.86512	0.01208367	647.6602	124.0564	0.0003397826	0.1364193
-45.3814	0.01242530	647.1852	124.1436	0.0003377082	0.1361898
-44.89768	0.01277484	646.71	124.2313	0.0003356525	0.1359604
-44.41397	0.01313242	646.2344	124.3195	0.0003336152	0.1357311
-43.93025	0.01349819	645.7584	124.4081	0.0003315960	0.1355019
-43.44653	0.01387229	645.2821	124.4971	0.0003295947	0.1352727
-42.96282	0.01425485	644.8055	124.5866	0.0003276112	0.1350435
-42.4791	0.01464603	644.3285	124.6766	0.0003256451	0.1348145
-41.99538	0.01504596	643.8512	124.7670	0.0003236963	0.1345855
-41.51167	0.01545479	643.3735	124.8578	0.0003217646	0.1343566
-41.02795	0.01587268	642.8955	124.9491	0.0003198497	0.1341278
-40.54423	0.01629978	642.4171	125.0409	0.0003179515	0.1338990
-40.06052	0.01673622	641.9384	125.1331	0.0003160697	0.1336704
-39.5768	0.01718217	641.4593	125.2258	0.0003142041	0.1334418
-39.09308	0.01763779	640.9798	125.3189	0.0003123547	0.1332133
-38.60937	0.01810321	640.5	125.4125	0.0003105210	0.1329850
-38.12565	0.01857862	640.0198	125.5065	0.0003087031	0.1327567
-37.64193	0.01906415	639.5392	125.6010	0.0003069006	0.1325285
-37.15822	0.01955998	639.0583	125.6959	0.0003051135	0.1323004
-36.6745	0.02006626	638.5769	125.7913	0.0003033414	0.1320724
-36.19078	0.02058316	638.0952	125.8872	0.0003015843	0.1318446
-35.70707	0.02111084	637.6131	125.9835	0.0002998420	0.1316168
-35.22335	0.02164947	637.1306	126.0802	0.0002981143	0.1313892
-34.73963	0.02219922	636.6478	126.1775	0.0002964010	0.1311621
-34.25592	0.02276024	636.1645	126.2751	0.0002947019	0.1309374
-33.7722	0.02333273	635.6808	126.3733	0.0002930169	0.1307114
-33.28848	0.02391684	635.1967	126.4718	0.0002913459	0.1304853
-32.80477	0.02451275	634.7123	126.5709	0.0002896886	0.1302591
-32.32105	0.02512063	634.2274	126.6704	0.0002880449	0.1300330
-31.83733	0.02574066	633.7421	126.7703	0.0002864147	0.1298070
-31.35362	0.02637303	633.2564	126.8707	0.0002847978	0.1295811
-30.8699	0.02701790	632.7703	126.9716	0.0002831940	0.1293552
-30.38618	0.02767546	632.2837	127.0729	0.0002816032	0.1291295
-29.90247	0.02834589	631.7968	127.1747	0.0002800253	0.1289039
-29.41875	0.02902937	631.3094	127.2769	0.0002784600	0.1286784
-28.93503	0.02972609	630.8216	127.3796	0.0002769073	0.1284530
-28.45132	0.03043624	630.3333	127.4828	0.0002753671	0.1282278
-27.9676	0.03116000	629.8447	127.5864	0.0002738391	0.1280027
-27.48388	0.03189756	629.3555	127.6905	0.0002723232	0.1277777
-27.00017	0.03264911	628.866	127.7950	0.0002708194	0.1275529
-26.51645	0.03341485	628.376	127.9000	0.0002693274	0.1273283
-26.03273	0.03419497	627.8855	128.0054	0.0002678472	0.1271038
-25.54902	0.03498965	627.3946	128.1114	0.0002663786	0.1268794
-25.0653	0.03579911	626.9033	128.2177	0.0002649214	0.1266552
-24.58158	0.03662354	626.4115	128.3246	0.0002634756	0.1264312
-24.09787	0.03746313	625.9192	128.4319	0.0002620411	0.1262073
-23.61415	0.03831808	625.4264	128.5396	0.0002606176	0.1259836
-23.13043	0.03918860	624.9332	128.6478	0.0002592052	0.1257601
-22.64672	0.04007490	624.4396	128.7565	0.0002578036	0.1255367
-22.163	0.04097717	623.9454	128.8656	0.0002564127	0.1253135
-21.67928	0.04189562	623.4508	128.9752	0.0002550325	0.1250905
-21.19557	0.04283046	622.9557	129.0853	0.0002536628	0.1248677
-20.71185	0.04378190	622.4601	129.1958	0.0002523035	0.1246450
-20.22813	0.04475014	621.964	129.3068	0.0002509544	0.1244226
-19.74442	0.04573541	621.4674	129.4183	0.0002496156	0.1242003
-19.2607	0.04673790	620.9703	129.5302	0.0002482869	0.1239782
-18.77698	0.04775784	620.4727	129.6426	0.0002469681	0.1237563
-18.29327	0.04879545	619.9747	129.7555	0.0002456591	0.1235345
-17.80955	0.04985093	619.4761	129.8688	0.0002443599	0.1233130
-17.32583	0.05092450	618.977	129.9826	0.0002430704	0.1230917
-16.84212	0.05201639	618.4774	130.0968	0.0002417904	0.1228706
-16.3584	0.05312682	617.9772	130.2115	0.0002405198	0.1226496
-15.87468	0.05425601	617.4766	130.3267	0.0002392586	0.1224289
-15.39097	0.05540417	616.9754	130.4424	0.0002380067	0.1222084
-14.90725	0.05657155	616.4737	130.5585	0.0002367639	0.1219881
-14.42353	0.05775835	615.9715	130.6751	0.0002355301	0.1217680
-13.93982	0.05896481	615.4687	130.7922	0.0002343054	0.1215481
-13.4561	0.06019116	614.9654	130.9097	0.0002330894	0.1213284
-12.97238	0.06143763	614.4615	131.0277	0.0002318823	0.1211089
-12.48867	0.06270445	613.9571	131.1462	0.0002306839	0.1208897
-12.00495	0.06399185	613.4521	131.2652	0.0002294940	0.1206706
-11.52123	0.06530006	612.9466	131.3846	0.0002283126	0.1204518
-11.03752	0.06662931	612.4405	131.5045	0.0002271397	0.1202332
-10.5538	0.06797986	611.9339	131.6249	0.0002259751	0.1200148
-10.07008	0.06935192	611.4267	131.7457	0.0002248188	0.1197967
-9.586367	0.07074575	610.9189	131.8671	0.0002236706	0.1195788
-9.10265	0.07216158	610.4105	131.9889	0.0002225305	0.1193611
-8.618933	0.07359964	609.9016	132.1112	0.0002213984	0.1191436
-8.135217	0.07506020	609.3921	132.2339	0.0002202742	0.1189264
-7.6515	0.07654347	608.882	132.3572	0.0002191578	0.1187094
-7.167783	0.07804972	608.3713	132.4809	0.0002180492	0.1184927
-6.684067	0.07957919	607.86	132.6051	0.0002169483	0.1182761
-6.20035	0.08113212	607.3481	132.7298	0.0002158550	0.1180599
-5.716633	0.08270876	606.8355	132.8550	0.0002147692	0.1178438
-5.232917	0.08430936	606.3224	132.9806	0.0002136909	0.1176280
-4.7492	0.08593417	605.8087	133.1068	0.0002126199	0.1174125
-4.265483	0.08758345	605.2943	133.2334	0.0002115562	0.1171972
-3.781767	0.08925744	604.7794	133.3605	0.0002104998	0.1169821
-3.29805	0.09095640	604.2638	133.4881	0.0002094505	0.1167673
-2.814333	0.09268059	603.7475	133.6162	0.0002084083	0.1165527
-2.330617	0.09443026	603.2307	133.7448	0.0002073732	0.1163384
-1.8469	0.09620566	602.7131	133.8739	0.0002063449	0.1161244
-1.363183	0.09800707	602.195	134.0034	0.0002053236	0.1159106
-0.8794667	0.09983473	601.6762	134.1335	0.0002043090	0.1156971
-0.3957500	0.1016889	601.1567	134.2641	0.0002033012	0.1154838
0.08796667	0.1035699	600.6366	134.3951	0.0002023001	0.1152708
0.5716833	0.1054779	600.1158	134.5267	0.0002013056	0.1150580
1.0554	0.1074132	599.5944	134.6587	0.0002003176	0.1148455
1.539117	0.1093760	599.0722	134.7913	0.0001993361	0.1146333
2.022833	0.1113667	598.5494	134.9243	0.0001983611	0.1144213
2.50655	0.1133855	598.0259	135.0579	0.0001973924	0.1142097
2.990267	0.1154327	597.5018	135.1919	0.0001964299	0.1139982
3.473983	0.1175085	596.9769	135.3265	0.0001954738	0.1137871
3.9577	0.1196133	596.4513	135.4615	0.0001945238	0.1135762
4.441417	0.1217472	595.9251	135.5971	0.0001935799	0.1133656
4.925133	0.1239106	595.3981	135.7332	0.0001926420	0.1131553
5.40885	0.1261037	594.8704	135.8698	0.0001917102	0.1129452
5.892567	0.1283268	594.342	136.0069	0.0001907843	0.1127355
6.376283	0.1305801	593.8129	136.1445	0.0001898643	0.1125260
6.86	0.1328641	593.283	136.2827	0.0001889501	0.1123167
7.343717	0.1351788	592.7524	136.4214	0.0001880417	0.1121078
7.827433	0.1375247	592.2211	136.5605	0.0001871390	0.1118992
8.31115	0.1399020	591.689	136.7002	0.0001862419	0.1116908
8.794867	0.1423109	591.1562	136.8405	0.0001853505	0.1114827
9.278583	0.1447518	590.6226	136.9812	0.0001844646	0.1112749
9.7623	0.1472249	590.0883	137.1225	0.0001835842	0.1110674
10.24602	0.1497306	589.5532	137.2643	0.0001827093	0.1108602
10.72973	0.1522690	589.0173	137.4066	0.0001818397	0.1106533
11.21345	0.1548405	588.4807	137.5495	0.0001809755	0.1104467
11.69717	0.1574454	587.9433	137.6929	0.0001801166	0.1102404
12.18088	0.1600840	587.4051	137.8369	0.0001792630	0.1100343
12.6646	0.1627565	586.8661	137.9813	0.0001784145	0.1098286
13.14832	0.1654632	586.3263	138.1264	0.0001775712	0.1096231
13.63203	0.1682045	585.7857	138.2719	0.0001767330	0.1094180
14.11575	0.1709806	585.2443	138.4181	0.0001758999	0.1092132
14.59947	0.1737918	584.7021	138.5647	0.0001750717	0.1090086
15.08318	0.1766384	584.159	138.7119	0.0001742485	0.1088044
15.5669	0.1795206	583.6151	138.8597	0.0001734302	0.1086004
16.05062	0.1824389	583.0704	139.0080	0.0001726168	0.1083968
16.53433	0.1853935	582.5249	139.1569	0.0001718082	0.1081935
17.01805	0.1883846	581.9785	139.3064	0.0001710044	0.1079905
17.50177	0.1914127	581.4313	139.4564	0.0001702053	0.1077878
17.98548	0.1944779	580.8832	139.6069	0.0001694109	0.1075854
18.4692	0.1975805	580.3342	139.7581	0.0001686211	0.1073833
18.95292	0.2007210	579.7844	139.9098	0.0001678360	0.1071815
19.43663	0.2038995	579.2337	140.0621	0.0001670554	0.1069800
19.92035	0.2071164	578.6821	140.2150	0.0001662793	0.1067789
20.40407	0.2103720	578.1296	140.3684	0.0001655077	0.1065780
20.88778	0.2136665	577.5762	140.5224	0.0001647405	0.1063775
21.3715	0.2170004	577.022	140.6771	0.0001639778	0.1061773
21.85522	0.2203738	576.4668	140.8323	0.0001632193	0.1059774
22.33893	0.2237871	575.9107	140.9881	0.0001624652	0.1057779
22.82265	0.2272406	575.3537	141.1445	0.0001617154	0.1055786
23.30637	0.2307347	574.7957	141.3015	0.0001609698	0.1053797
23.79008	0.2342695	574.2369	141.4591	0.0001602284	0.1051811
24.2738	0.2378455	573.677	141.6173	0.0001594911	0.1049828
24.75752	0.2414629	573.1163	141.7761	0.0001587580	0.1047848
25.24123	0.2451221	572.5545	141.9355	0.0001580289	0.1045872
25.72495	0.2488233	571.9919	142.0956	0.0001573039	0.1043899
26.20867	0.2525669	571.4282	142.2563	0.0001565829	0.1041929
26.69238	0.2563531	570.8636	142.4176	0.0001558659	0.1039963
27.1761	0.2601824	570.298	142.5795	0.0001551528	0.1037999
27.65982	0.2640549	569.7313	142.7420	0.0001544436	0.1036039
28.14353	0.2679711	569.1637	142.9052	0.0001537383	0.1034083
28.62725	0.2719313	568.5951	143.0691	0.0001530368	0.1032129
29.11097	0.2759356	568.0255	143.2336	0.0001523391	0.1030179
29.59468	0.2799846	567.4549	143.3987	0.0001516452	0.1028233
30.0784	0.2840784	566.8832	143.5645	0.0001509550	0.1026289
30.56212	0.2882175	566.3105	143.7309	0.0001502684	0.1024349
31.04583	0.2924021	565.7367	143.8980	0.0001495856	0.1022413
31.52955	0.2966325	565.1619	144.0658	0.0001489064	0.1020479
32.01327	0.3009091	564.586	144.2343	0.0001482307	0.1018549
32.49698	0.3052322	564.0091	144.4034	0.0001475586	0.1016623
32.9807	0.3096021	563.4311	144.5732	0.0001468901	0.1014700
33.46442	0.3140192	562.852	144.7437	0.0001462250	0.1012780
33.94813	0.3184837	562.2718	144.9149	0.0001455635	0.1010864
34.43185	0.3229960	561.6905	145.0868	0.0001449053	0.1008951
34.91557	0.3275564	561.1081	145.2593	0.0001442506	0.1007041
35.39928	0.3321653	560.5246	145.4326	0.0001435992	0.1005135
35.883	0.3368229	559.94	145.6066	0.0001429512	0.1003232
36.36672	0.3415296	559.3542	145.7814	0.0001423064	0.1001333
36.85043	0.3462857	558.7673	145.9568	0.0001416650	0.09994370
37.33415	0.3510916	558.1792	146.1330	0.0001410268	0.09975446
37.81787	0.3559476	557.59	146.3099	0.0001403919	0.09956557
38.30158	0.3608539	556.9995	146.4876	0.0001397601	0.09937702
38.7853	0.3658110	556.408	146.6660	0.0001391315	0.09918882
39.26902	0.3708192	555.8152	146.8452	0.0001385061	0.09900097
39.75273	0.3758788	555.2212	147.0251	0.0001378838	0.09881346
40.23645	0.3809902	554.626	147.2058	0.0001372645	0.09862631
40.72017	0.3861536	554.0296	147.3873	0.0001366483	0.09843950
41.20388	0.3913694	553.432	147.5696	0.0001360351	0.09825304
41.6876	0.3966379	552.8332	147.7526	0.0001354250	0.09806694
42.17132	0.4019596	552.2331	147.9364	0.0001348178	0.09788118
42.65503	0.4073346	551.6317	148.1211	0.0001342135	0.09769577
43.13875	0.4127634	551.0291	148.3066	0.0001336122	0.09751072
43.62247	0.4182463	550.4252	148.4928	0.0001330138	0.09732602
44.10618	0.4237837	549.82	148.6799	0.0001324182	0.09714167
44.5899	0.4293758	549.2135	148.8679	0.0001318255	0.09695768
45.07362	0.4350230	548.6057	149.0566	0.0001312356	0.09677404
45.55733	0.4407257	547.9966	149.2463	0.0001306485	0.09659076
46.04105	0.4464841	547.3862	149.4368	0.0001300642	0.09640782
46.52477	0.4522987	546.7744	149.6281	0.0001294826	0.09622525
47.00848	0.4581698	546.1613	149.8203	0.0001289037	0.09604303
47.4922	0.4640977	545.5468	150.0135	0.0001283276	0.09586117
47.97592	0.4700827	544.9309	150.2075	0.0001277540	0.09567966
48.45963	0.4761253	544.3137	150.4024	0.0001271832	0.09549851
48.94335	0.4822257	543.6951	150.5982	0.0001266149	0.09531772
49.42707	0.4883844	543.075	150.7949	0.0001260493	0.09513728
49.91078	0.4946016	542.4536	150.9926	0.0001254862	0.09495721
50.3945	0.5008777	541.8307	151.1912	0.0001249257	0.09477749
50.87822	0.5072130	541.2064	151.3908	0.0001243678	0.09459813
51.36193	0.5136080	540.5806	151.5913	0.0001238123	0.09441913
51.84565	0.5200629	539.9533	151.7928	0.0001232593	0.09424049
52.32937	0.5265781	539.3246	151.9953	0.0001227088	0.09406221
52.81308	0.5331539	538.6944	152.1987	0.0001221607	0.09388429
53.2968	0.5397907	538.0627	152.4032	0.0001216150	0.09370673
53.78052	0.5464890	537.4295	152.6087	0.0001210717	0.09352952
54.26423	0.5532489	536.7947	152.8152	0.0001205308	0.09335268
54.74795	0.5600709	536.1584	153.0228	0.0001199923	0.09317621
55.23167	0.5669553	535.5205	153.2314	0.0001194560	0.09300009
55.71538	0.5739025	534.8811	153.4411	0.0001189221	0.09282433
56.1991	0.5809128	534.2401	153.6519	0.0001183905	0.09264893
56.68282	0.5879866	533.5975	153.8637	0.0001178612	0.09247390
57.16653	0.5951243	532.9533	154.0767	0.0001173340	0.09229923
57.65025	0.6023262	532.3074	154.2907	0.0001168092	0.09212492
58.13397	0.6095926	531.6599	154.5059	0.0001162865	0.09195097
58.61768	0.6169240	531.0108	154.7223	0.0001157660	0.09177738
59.1014	0.6243207	530.36	154.9398	0.0001152477	0.09160416
59.58512	0.6317830	529.7075	155.1585	0.0001147315	0.09143130
60.06883	0.6393114	529.0533	155.3783	0.0001142174	0.09125880
60.55255	0.6469061	528.3974	155.5994	0.0001137055	0.09108666
61.03627	0.6545676	527.7398	155.8217	0.0001131956	0.09091488
61.51998	0.6622962	527.0805	156.0452	0.0001126879	0.09074347
62.0037	0.6700923	526.4193	156.2700	0.0001121821	0.09057242
62.48742	0.6779563	525.7564	156.4961	0.0001116784	0.09040173
62.97113	0.6858884	525.0917	156.7234	0.0001111767	0.09023140
63.45485	0.6938891	524.4252	156.9520	0.0001106770	0.09006144
63.93857	0.7019589	523.7569	157.1820	0.0001101792	0.08989184
64.42228	0.7100979	523.0867	157.4133	0.0001096835	0.08972260
64.906	0.7183066	522.4147	157.6460	0.0001091896	0.08955372
65.38972	0.7265854	521.7408	157.8800	0.0001086977	0.08938520
65.87343	0.7349347	521.065	158.1155	0.0001082076	0.08921705
66.35715	0.7433547	520.3872	158.3524	0.0001077195	0.08904925
66.84087	0.7518460	519.7076	158.5907	0.0001072332	0.08888182
67.32458	0.7604088	519.026	158.8304	0.0001067487	0.08871475
67.8083	0.7690436	518.3424	159.0717	0.0001062661	0.08854804
68.29202	0.7777508	517.6568	159.3144	0.0001057853	0.08838169
68.77573	0.7865306	516.9693	159.5587	0.0001053063	0.08821570
69.25945	0.7953835	516.2797	159.8046	0.0001048291	0.08805007
69.74317	0.8043099	515.588	160.0520	0.0001043536	0.08788480
70.22688	0.8133102	514.8943	160.3010	0.0001038798	0.08771989
70.7106	0.8223847	514.1985	160.5516	0.0001034078	0.08755534
71.19432	0.8315338	513.5006	160.8039	0.0001029375	0.08739115
71.67803	0.8407579	512.8006	161.0578	0.0001024689	0.08722731
72.16175	0.8500574	512.0984	161.3135	0.0001020019	0.08706384
72.64547	0.8594327	511.3941	161.5709	0.0001015366	0.08690072
73.12918	0.8688842	510.6875	161.8300	0.0001010729	0.08673796
73.6129	0.8784122	509.9787	162.0909	0.0001006109	0.08657555
74.09662	0.8880172	509.2677	162.3537	0.0001001505	0.08641350
74.58033	0.8976996	508.5545	162.6182	9.9691620E-05	0.08625181
75.06405	0.9074597	507.8389	162.8847	9.9234340E-05	0.08609047
75.54777	0.9172979	507.121	163.1531	9.8778620E-05	0.08592949
76.03148	0.9272146	506.4008	163.4234	9.8324450E-05	0.08576886
76.5152	0.9372103	505.6783	163.6957	9.7871790E-05	0.08560859
76.99892	0.9472853	504.9533	163.9700	9.7420650E-05	0.08544866
77.48263	0.9574400	504.226	164.2463	9.6970990E-05	0.08528909
77.96635	0.9676749	503.4962	164.5247	9.6522820E-05	0.08512987
78.45007	0.9779902	502.7639	164.8052	9.6076100E-05	0.08497100
78.93378	0.9883866	502.0291	165.0879	9.5630820E-05	0.08481249
79.4175	0.9988642	501.2919	165.3728	9.5186980E-05	0.08465432
79.90122	1.009424E+00	500.5521	165.6599	9.4744550E-05	0.08449650
80.38493	1.020065E+00	499.8097	165.9493	9.4303510E-05	0.08433903
80.86865	1.030789E+00	499.0647	166.2411	9.3863860E-05	0.08418190
81.35237	1.041596E+00	498.3171	166.5351	9.3425570E-05	0.08402512
81.83608	1.052487E+00	497.5668	166.8316	9.2988630E-05	0.08386869
82.3198	1.063461E+00	496.8138	167.1306	9.2553030E-05	0.08371260
82.80352	1.074520E+00	496.0581	167.4320	9.2118750E-05	0.08355686
83.28723	1.085663E+00	495.2997	167.7360	9.1685770E-05	0.08340145
83.77095	1.096891E+00	494.5385	168.0426	9.1254080E-05	0.08324639
84.25467	1.108204E+00	493.7744	168.3518	9.0823660E-05	0.08309167
84.73838	1.119604E+00	493.0075	168.6638	9.0394500E-05	0.08293729
85.2221	1.131090E+00	492.2377	168.9785	8.9966590E-05	0.08278325
85.70582	1.142662E+00	491.465	169.2960	8.9539900E-05	0.08262955
86.18953	1.154322E+00	490.6894	169.6164	8.9114420E-05	0.08247618
86.67325	1.166069E+00	489.9107	169.9397	8.8690140E-05	0.08232315
87.15697	1.177904E+00	489.1291	170.2660	8.8267050E-05	0.08217045
87.64068	1.189828E+00	488.3443	170.5954	8.7845120E-05	0.08201808
88.1244	1.201841E+00	487.5565	170.9279	8.7424340E-05	0.08186605
88.60812	1.213943E+00	486.7655	171.2636	8.7004700E-05	0.08171435
89.09183	1.226134E+00	485.9713	171.6025	8.6586180E-05	0.08156297
89.57555	1.238416E+00	485.1739	171.9448	8.6168760E-05	0.08141193
90.05927	1.250789E+00	484.3733	172.2905	8.5752440E-05	0.08126121
90.54298	1.263252E+00	483.5694	172.6397	8.5337190E-05	0.08111081
91.0267	1.275807E+00	482.7621	172.9924	8.4923000E-05	0.08096074
91.51042	1.288454E+00	481.9514	173.3488	8.4509860E-05	0.08081099
91.99413	1.301194E+00	481.1373	173.7089	8.4097750E-05	0.08066157
92.47785	1.314026E+00	480.3197	174.0728	8.3686650E-05	0.08051246
92.96157	1.326952E+00	479.4985	174.4406	8.3276550E-05	0.08036367
93.44528	1.339971E+00	478.6739	174.8124	8.2867440E-05	0.08021519
93.929	1.353085E+00	477.8455	175.1883	8.2459290E-05	0.08006703
94.41272	1.366293E+00	477.0136	175.5684	8.2052100E-05	0.07991919
94.89643	1.379597E+00	476.1778	175.9527	8.1645840E-05	0.07977165
95.38015	1.392996E+00	475.3384	176.3415	8.1240510E-05	0.07962442
95.86387	1.406491E+00	474.4951	176.7348	8.0836090E-05	0.07947750
96.34758	1.420083E+00	473.6479	177.1327	8.0432550E-05	0.07933089
96.8313	1.433772E+00	472.7967	177.5353	8.0029890E-05	0.07918458
97.31502	1.447558E+00	471.9416	177.9428	7.9628090E-05	0.07903857
97.79873	1.461442E+00	471.0825	178.3553	7.9227130E-05	0.07889286
98.28245	1.475425E+00	470.2192	178.7728	7.8827000E-05	0.07874746
98.76617	1.489506E+00	469.3517	179.1957	7.8427680E-05	0.07860234
99.24988	1.503687E+00	468.48	179.6239	7.8029160E-05	0.07845752
99.7336	1.517968E+00	467.6041	180.0577	7.7631420E-05	0.07831300
100.2173	1.532350E+00	466.7237	180.4971	7.7234430E-05	0.07816876
100.701	1.546832E+00	465.839	180.9424	7.6838200E-05	0.07802481
101.1848	1.561416E+00	464.9497	181.3937	7.6442690E-05	0.07788115
101.6685	1.576102E+00	464.0559	181.8512	7.6047900E-05	0.07773777
102.1522	1.590890E+00	463.1574	182.3150	7.5653800E-05	0.07759467
102.6359	1.605781E+00	462.2542	182.7854	7.5260380E-05	0.07745185
103.1196	1.620775E+00	461.3462	183.2625	7.4867620E-05	0.07730931
103.6033	1.635873E+00	460.4334	183.7465	7.4475510E-05	0.07716704
104.0871	1.651076E+00	459.5156	184.2377	7.4084020E-05	0.07702505
104.5708	1.666384E+00	458.5928	184.7362	7.3693140E-05	0.07688332
105.0545	1.681798E+00	457.6649	185.2423	7.3302860E-05	0.07674186
105.5382	1.697317E+00	456.7317	185.7562	7.2913140E-05	0.07660066
106.0219	1.712943E+00	455.7933	186.2781	7.2523980E-05	0.07645973
106.5056	1.728676E+00	454.8495	186.8084	7.2135350E-05	0.07631905
106.9894	1.744517E+00	453.9002	187.3472	7.1747240E-05	0.07617864
107.4731	1.760466E+00	452.9454	187.8949	7.1359630E-05	0.07603847
107.9568	1.776524E+00	451.9849	188.4517	7.0972500E-05	0.07589856
108.4405	1.792692E+00	451.0186	189.0179	7.0585820E-05	0.07575890
108.9242	1.808969E+00	450.0464	189.5939	7.0199580E-05	0.07561948
109.4079	1.825356E+00	449.0683	190.1800	6.9813760E-05	0.07548030
109.8917	1.841855E+00	448.084	190.7765	6.9428340E-05	0.07534137
110.3754	1.858465E+00	447.0935	191.3839	6.9043290E-05	0.07520267
110.8591	1.875188E+00	446.0967	192.0024	6.8658590E-05	0.07506421
111.3428	1.892023E+00	445.0935	192.6325	6.8274230E-05	0.07492598
111.8265	1.908972E+00	444.0836	193.2746	6.7890180E-05	0.07478798
112.3102	1.926035E+00	443.0671	193.9291	6.7506420E-05	0.07465021
112.794	1.943213E+00	442.0436	194.5966	6.7122920E-05	0.07451266
113.2777	1.960505E+00	441.0132	195.2774	6.6739660E-05	0.07437533
113.7614	1.977914E+00	439.9757	195.9721	6.6356620E-05	0.07423822
114.2451	1.995439E+00	438.9309	196.6813	6.5973770E-05	0.07410133
114.7288	2.013081E+00	437.8786	197.4055	6.5591080E-05	0.07396465
115.2125	2.030841E+00	436.8188	198.1452	6.5208540E-05	0.07382818
115.6963	2.048719E+00	435.7511	198.9012	6.4826100E-05	0.07369191
116.18	2.066717E+00	434.6756	199.6741	6.4443760E-05	0.07355585
116.6637	2.084834E+00	433.5919	200.4646	6.4061470E-05	0.07342000
117.1474	2.103071E+00	432.4999	201.2735	6.3679220E-05	0.07328434
117.6311	2.121430E+00	431.3995	202.1014	6.3296960E-05	0.07314889
118.1148	2.139910E+00	430.2903	202.9493	6.2914670E-05	0.07301363
118.5986	2.158513E+00	429.1723	203.8181	6.2532330E-05	0.07287856
119.0823	2.177239E+00	428.0451	204.7086	6.2149880E-05	0.07274369
119.566	2.196089E+00	426.9087	205.6218	6.1767320E-05	0.07260901
120.0497	2.215064E+00	425.7626	206.5589	6.1384590E-05	0.07247452
120.5334	2.234164E+00	424.6068	207.5208	6.1001660E-05	0.07234021
121.0171	2.253390E+00	423.4408	208.5089	6.0618500E-05	0.07220610
121.5009	2.272743E+00	422.2646	209.5243	6.0235070E-05	0.07207217
121.9846	2.292224E+00	421.0778	210.5685	5.9851330E-05	0.07193843
122.4683	2.311833E+00	419.8801	211.6428	5.9467240E-05	0.07180488
122.952	2.331571E+00	418.6712	212.7487	5.9082750E-05	0.07167152
123.4357	2.351439E+00	417.4508	213.8880	5.8697830E-05	0.07153836
123.9194	2.371438E+00	416.2187	215.0624	5.8312430E-05	0.07140538
124.4032	2.391568E+00	414.9743	216.2738	5.7926490E-05	0.07127260
124.8869	2.411832E+00	413.7174	217.5242	5.7539980E-05	0.07114003
125.3706	2.432228E+00	412.4477	218.8157	5.7152840E-05	0.07100766
125.8543	2.452759E+00	411.1647	220.1507	5.6765010E-05	0.07087550
126.338	2.473424E+00	409.8679	221.5318	5.6376450E-05	0.07074356
126.8217	2.494226E+00	408.5571	222.9615	5.5987080E-05	0.07061185
127.3055	2.515165E+00	407.2316	224.4430	5.5596860E-05	0.07048038
127.7892	2.536241E+00	405.8911	225.9793	5.5205710E-05	0.07034916
128.2729	2.557456E+00	404.5349	227.5739	5.4813570E-05	0.07021820
128.7566	2.578811E+00	403.1627	229.2305	5.4420370E-05	0.07008753
129.2403	2.600307E+00	401.7738	230.9531	5.4026040E-05	0.06995716
129.724	2.621944E+00	400.3676	232.7463	5.3630490E-05	0.06982710
130.2078	2.643725E+00	398.9434	234.6148	5.3233640E-05	0.06969740
130.6915	2.665649E+00	397.5007	236.5638	5.2835400E-05	0.06956808
131.1752	2.687717E+00	396.0386	238.5992	5.2435690E-05	0.06943917
131.6589	2.709932E+00	394.5565	240.7273	5.2034400E-05	0.06931071
132.1426	2.732294E+00	393.0534	242.9550	5.1631430E-05	0.06918274
132.6263	2.754804E+00	391.5286	245.2900	5.1226670E-05	0.06905533
133.1101	2.777464E+00	389.9812	247.7409	5.0820010E-05	0.06892853
133.5938	2.800274E+00	388.41	250.3169	5.0411300E-05	0.06880240
134.0775	2.823235E+00	386.8141	253.0286	5.0000440E-05	0.06867704
134.5612	2.846350E+00	385.1924	255.8875	4.9587260E-05	0.06855253
135.0449	2.869619E+00	383.5435	258.9067	4.9171620E-05	0.06842897
135.5286	2.893044E+00	381.8662	262.1006	4.8753340E-05	0.06830650
136.0124	2.916626E+00	380.1591	265.4857	4.8332260E-05	0.06818525
136.4961	2.940366E+00	378.4206	269.0804	4.7908180E-05	0.06806539
136.9798	2.964266E+00	376.649	272.9055	4.7480890E-05	0.06794713
137.4635	2.988327E+00	374.8425	276.9848	4.7050170E-05	0.06783067
137.9472	3.012551E+00	372.9991	281.3453	4.6615770E-05	0.06771630
138.4309	3.036939E+00	371.1167	286.0181	4.6177420E-05	0.06760432
138.9147	3.061493E+00	369.1928	291.0390	4.5734840E-05	0.06749511
139.3984	3.086215E+00	367.2249	296.4492	4.5287690E-05	0.06738910
139.8821	3.111106E+00	365.2099	302.2970	4.4835620E-05	0.06728682
140.3658	3.136169E+00	363.1447	308.6386	4.4378250E-05	0.06718889
140.8495	3.161404E+00	361.0257	315.5405	4.3915140E-05	0.06709607
141.3332	3.186814E+00	358.8489	323.0815	4.3445800E-05	0.06700925
141.817	3.212401E+00	356.6098	331.3558	4.2969690E-05	0.06692956
142.3007	3.238166E+00	354.3032	340.4766	4.2486190E-05	0.06685835
142.7844	3.264113E+00	351.9234	350.5820	4.1994620E-05	0.06679728
143.2681	3.290243E+00	349.4637	361.8413	4.1494170E-05	0.06674845
143.7518	3.316559E+00	346.9166	374.4648	4.0983940E-05	0.06671448
144.2355	3.343064E+00	344.2731	388.7167	4.0462880E-05	0.06669870
144.7193	3.369759E+00	341.5229	404.9336	3.9929750E-05	0.06670536
145.203	3.396648E+00	338.6537	423.5510	3.9383120E-05	0.06674001
145.6867	3.423733E+00	335.6508	445.1423	3.8821250E-05	0.06680991
146.1704	3.451018E+00	332.4966	470.4776	3.8242050E-05	0.06692477
146.6541	3.478507E+00	329.1691	500.6162	3.7642990E-05	0.06709772
147.1378	3.506203E+00	325.641	537.0548	3.7020870E-05	0.06734678
147.6216	3.534110E+00	321.8776	581.9782	3.6371640E-05	0.06769728
148.1053	3.562233E+00	317.833	638.7036	3.5690030E-05	0.06818544
148.589	3.590577E+00	313.4458	712.5177	3.4968940E-05	0.06886462
149.0727	3.619148E+00	308.6292	812.3792	3.4198430E-05	0.06981627
149.5564	3.647953E+00	303.2555	954.7399	3.3363920E-05	0.07117181
150.0401	3.677001E+00	297.1224	1173.3300	3.2442490E-05	0.07316262
150.5239	3.706304E+00	289.8768	1549.3930	3.1394360E-05	0.07625868
151.0076	3.735878E+00	280.7965	2337.4940	3.0138940E-05	0.08167589
151.4913	3.765751E+00	267.8916	4899.1600	2.8457130E-05	0.09442045
