-182.4559	0.01169606	451.4751	54.02884	0.0002045162	0.2112399
-182.2895	0.01194886	451.2538	54.03768	0.0002034356	0.2110452
-182.123	0.01220609	451.0323	54.04666	0.0002023644	0.2108500
-181.9566	0.01246781	450.8107	54.05576	0.0002013023	0.2106543
-181.7901	0.01273408	450.5889	54.06498	0.0002002492	0.2104580
-181.6237	0.01300495	450.3671	54.07432	0.0001992051	0.2102612
-181.4572	0.01328049	450.1451	54.08379	0.0001981698	0.2100639
-181.2908	0.01356075	449.9229	54.09337	0.0001971433	0.2098662
-181.1243	0.01384580	449.7007	54.10307	0.0001961254	0.2096679
-180.9579	0.01413569	449.4783	54.11289	0.0001951160	0.2094691
-180.7914	0.01443048	449.2558	54.12282	0.0001941151	0.2092699
-180.625	0.01473024	449.0331	54.13286	0.0001931225	0.2090701
-180.4585	0.01503503	448.8103	54.14301	0.0001921381	0.2088699
-180.2921	0.01534490	448.5874	54.15327	0.0001911619	0.2086692
-180.1256	0.01565993	448.3643	54.16364	0.0001901937	0.2084681
-179.9592	0.01598017	448.1411	54.17411	0.0001892334	0.2082665
-179.7927	0.01630568	447.9178	54.18469	0.0001882810	0.2080644
-179.6263	0.01663654	447.6943	54.19537	0.0001873364	0.2078619
-179.4598	0.01697280	447.4707	54.20615	0.0001863994	0.2076589
-179.2934	0.01731453	447.2469	54.21704	0.0001854701	0.2074555
-179.1269	0.01766180	447.023	54.22802	0.0001845482	0.2072516
-178.9605	0.01801466	446.799	54.2391	0.0001836338	0.2070473
-178.794	0.01837319	446.5748	54.25028	0.0001827267	0.2068426
-178.6276	0.01873746	446.3505	54.26156	0.0001818268	0.2066374
-178.4611	0.01910752	446.126	54.27293	0.0001809341	0.2064318
-178.2947	0.01948344	445.9014	54.28439	0.0001800485	0.2062258
-178.1282	0.01986530	445.6767	54.29594	0.0001791700	0.2060194
-177.9618	0.02025315	445.4518	54.30759	0.0001782983	0.2058126
-177.7953	0.02064708	445.2268	54.31933	0.0001774335	0.2056053
-177.6289	0.02104714	445.0016	54.33116	0.0001765755	0.2053977
-177.4624	0.02145341	444.7763	54.34308	0.0001757242	0.2051897
-177.296	0.02186595	444.5508	54.35508	0.0001748795	0.2049812
-177.1295	0.02228484	444.3252	54.36717	0.0001740413	0.2047724
-176.9631	0.02271014	444.0994	54.37935	0.0001732097	0.2045632
-176.7966	0.02314193	443.8735	54.39162	0.0001723844	0.2043536
-176.6302	0.02358028	443.6474	54.40397	0.0001715655	0.2041437
-176.4637	0.02402526	443.4212	54.4164	0.0001707529	0.2039333
-176.2973	0.02447694	443.1948	54.42892	0.0001699465	0.2037226
-176.1308	0.02493539	442.9683	54.44152	0.0001691462	0.2035115
-175.9644	0.02540069	442.7416	54.4542	0.0001683520	0.2033001
-175.7979	0.02587291	442.5148	54.46697	0.0001675638	0.2030883
-175.6315	0.02635212	442.2878	54.47981	0.0001667815	0.2028761
-175.465	0.02683840	442.0607	54.49274	0.0001660052	0.2026636
-175.2986	0.02733182	441.8334	54.50574	0.0001652346	0.2024507
-175.1321	0.02783246	441.6059	54.51883	0.0001644698	0.2022375
-174.9657	0.02834039	441.3783	54.53199	0.0001637107	0.2020239
-174.7992	0.02885568	441.1506	54.54523	0.0001629572	0.2018101
-174.6328	0.02937842	440.9226	54.55855	0.0001622093	0.2015958
-174.4663	0.02990868	440.6946	54.57195	0.0001614669	0.2013813
-174.2999	0.03044653	440.4663	54.58542	0.0001607299	0.2011664
-174.1334	0.03099206	440.2379	54.59897	0.0001599984	0.2009512
-173.967	0.03154534	440.0094	54.6126	0.0001592722	0.2007357
-173.8005	0.03210644	439.7807	54.6263	0.0001585513	0.2005198
-173.6341	0.03267546	439.5518	54.64008	0.0001578356	0.2003036
-173.4676	0.03325246	439.3227	54.65393	0.0001571251	0.2000872
-173.3012	0.03383752	439.0935	54.66786	0.0001564198	0.1998704
-173.1347	0.03443073	438.8642	54.68186	0.0001557195	0.1996533
-172.9683	0.03503216	438.6346	54.69594	0.0001550242	0.1994359
-172.8018	0.03564190	438.4049	54.71009	0.0001543339	0.1992183
-172.6354	0.03626002	438.1751	54.72431	0.0001536485	0.1990003
-172.4689	0.03688660	437.945	54.73861	0.0001529680	0.1987820
-172.3025	0.03752174	437.7148	54.75298	0.0001522923	0.1985635
-172.136	0.03816550	437.4845	54.76742	0.0001516214	0.1983446
-171.9696	0.03881798	437.2539	54.78194	0.0001509552	0.1981255
-171.8031	0.03947924	437.0232	54.79653	0.0001502936	0.1979061
-171.6367	0.04014939	436.7923	54.81119	0.0001496367	0.1976864
-171.4702	0.04082849	436.5613	54.82593	0.0001489844	0.1974665
-171.3038	0.04151664	436.3301	54.84073	0.0001483366	0.1972462
-171.1373	0.04221391	436.0987	54.85561	0.0001476933	0.1970258
-170.9709	0.04292039	435.8671	54.87057	0.0001470545	0.1968050
-170.8044	0.04363617	435.6353	54.88559	0.0001464200	0.1965840
-170.638	0.04436133	435.4034	54.90069	0.0001457899	0.1963627
-170.4715	0.04509596	435.1713	54.91586	0.0001451642	0.1961412
-170.3051	0.04584014	434.9391	54.9311	0.0001445427	0.1959194
-170.1386	0.04659396	434.7066	54.94641	0.0001439254	0.1956974
-169.9722	0.04735750	434.474	54.9618	0.0001433123	0.1954751
-169.8057	0.04813085	434.2412	54.97726	0.0001427034	0.1952526
-169.6393	0.04891410	434.0082	54.99279	0.0001420986	0.1950299
-169.4728	0.04970734	433.7751	55.00839	0.0001414978	0.1948069
-169.3064	0.05051065	433.5417	55.02407	0.0001409011	0.1945837
-169.1399	0.05132412	433.3082	55.03981	0.0001403083	0.1943602
-168.9735	0.05214784	433.0745	55.05563	0.0001397196	0.1941365
-168.807	0.05298190	432.8406	55.07153	0.0001391347	0.1939126
-168.6406	0.05382639	432.6065	55.08749	0.0001385537	0.1936884
-168.4741	0.05468139	432.3723	55.10353	0.0001379765	0.1934641
-168.3077	0.05554701	432.1378	55.11964	0.0001374032	0.1932395
-168.1412	0.05642332	431.9032	55.13583	0.0001368336	0.1930147
-167.9748	0.05731042	431.6684	55.15209	0.0001362677	0.1927897
-167.8083	0.05820839	431.4334	55.16842	0.0001357056	0.1925645
-167.6419	0.05911734	431.1982	55.18482	0.0001351471	0.1923390
-167.4754	0.06003735	430.9628	55.2013	0.0001345922	0.1921134
-167.309	0.06096851	430.7272	55.21786	0.0001340409	0.1918875
-167.1425	0.06191092	430.4915	55.23448	0.0001334932	0.1916615
-166.9761	0.06286466	430.2555	55.25119	0.0001329490	0.1914352
-166.8096	0.06382984	430.0194	55.26796	0.0001324083	0.1912088
-166.6432	0.06480653	429.7831	55.28482	0.0001318711	0.1909822
-166.4767	0.06579485	429.5465	55.30174	0.0001313372	0.1907553
-166.3103	0.06679487	429.3098	55.31875	0.0001308068	0.1905283
-166.1438	0.06780670	429.0729	55.33583	0.0001302798	0.1903011
-165.9774	0.06883043	428.8358	55.35298	0.0001297560	0.1900737
-165.8109	0.06986615	428.5984	55.37021	0.0001292356	0.1898461
-165.6445	0.07091396	428.3609	55.38752	0.0001287184	0.1896184
-165.478	0.07197396	428.1232	55.40491	0.0001282045	0.1893904
-165.3116	0.07304623	427.8853	55.42237	0.0001276938	0.1891623
-165.1451	0.07413088	427.6472	55.43991	0.0001271863	0.1889340
-164.9787	0.07522799	427.4089	55.45753	0.0001266820	0.1887056
-164.8122	0.07633768	427.1704	55.47522	0.0001261807	0.1884769
-164.6458	0.07746003	426.9317	55.493	0.0001256826	0.1882482
-164.4793	0.07859514	426.6927	55.51086	0.0001251875	0.1880192
-164.3129	0.07974310	426.4536	55.52879	0.0001246955	0.1877901
-164.1464	0.08090403	426.2143	55.5468	0.0001242065	0.1875608
-163.98	0.08207800	425.9748	55.5649	0.0001237205	0.1873314
-163.8135	0.08326513	425.735	55.58307	0.0001232374	0.1871018
-163.6471	0.08446551	425.4951	55.60133	0.0001227573	0.1868720
-163.4806	0.08567924	425.2549	55.61967	0.0001222801	0.1866421
-163.3142	0.08690641	425.0145	55.63809	0.0001218057	0.1864120
-163.1477	0.08814713	424.774	55.65659	0.0001213343	0.1861818
-162.9813	0.08940150	424.5332	55.67518	0.0001208656	0.1859515
-162.8148	0.09066961	424.2922	55.69385	0.0001203998	0.1857210
-162.6484	0.09195157	424.0509	55.7126	0.0001199367	0.1854904
-162.4819	0.09324748	423.8095	55.73143	0.0001194764	0.1852596
-162.3155	0.09455743	423.5679	55.75036	0.0001190189	0.1850287
-162.149	0.09588153	423.326	55.76936	0.0001185640	0.1847976
-161.9826	0.09721988	423.0839	55.78846	0.0001181119	0.1845664
-161.8161	0.09857258	422.8416	55.80763	0.0001176623	0.1843351
-161.6497	0.09993973	422.5991	55.8269	0.0001172155	0.1841037
-161.4832	0.1013214	422.3564	55.84625	0.0001167712	0.1838721
-161.3168	0.1027178	422.1134	55.86569	0.0001163296	0.1836404
-161.1503	0.1041289	421.8703	55.88522	0.0001158905	0.1834085
-160.9839	0.1055549	421.6269	55.90484	0.0001154540	0.1831766
-160.8174	0.1069959	421.3833	55.92455	0.0001150200	0.1829445
-160.651	0.1084519	421.1394	55.94435	0.0001145885	0.1827123
-160.4845	0.1099230	420.8953	55.96423	0.0001141594	0.1824800
-160.3181	0.1114095	420.6511	55.98421	0.0001137329	0.1822476
-160.1516	0.1129113	420.4065	56.00428	0.0001133088	0.1820150
-159.9852	0.1144287	420.1618	56.02445	0.0001128871	0.1817824
-159.8187	0.1159616	419.9168	56.0447	0.0001124678	0.1815496
-159.6523	0.1175102	419.6716	56.06505	0.0001120509	0.1813167
-159.4858	0.1190746	419.4262	56.0855	0.0001116364	0.1810837
-159.3194	0.1206548	419.1805	56.10604	0.0001112242	0.1808506
-159.1529	0.1222511	418.9346	56.12667	0.0001108143	0.1806174
-158.9865	0.1238636	418.6885	56.1474	0.0001104067	0.1803841
-158.82	0.1254922	418.4421	56.16823	0.0001100014	0.1801507
-158.6536	0.1271371	418.1955	56.18916	0.0001095984	0.1799172
-158.4871	0.1287985	417.9487	56.21018	0.0001091976	0.1796836
-158.3207	0.1304764	417.7016	56.2313	0.0001087990	0.1794499
-158.1542	0.1321710	417.4543	56.25252	0.0001084027	0.1792161
-157.9878	0.1338823	417.2067	56.27384	0.0001080085	0.1789822
-157.8213	0.1356105	416.9589	56.29526	0.0001076165	0.1787482
-157.6549	0.1373556	416.7109	56.31679	0.0001072267	0.1785142
-157.4884	0.1391178	416.4626	56.33841	0.0001068390	0.1782800
-157.322	0.1408972	416.2141	56.36014	0.0001064534	0.1780458
-157.1555	0.1426939	415.9653	56.38197	0.0001060699	0.1778114
-156.9891	0.1445080	415.7163	56.40391	0.0001056885	0.1775770
-156.8226	0.1463395	415.467	56.42595	0.0001053092	0.1773425
-156.6562	0.1481887	415.2175	56.4481	0.0001049319	0.1771079
-156.4897	0.1500556	414.9678	56.47035	0.0001045566	0.1768733
-156.3233	0.1519404	414.7178	56.49271	0.0001041834	0.1766385
-156.1568	0.1538431	414.4675	56.51518	0.0001038121	0.1764037
-155.9904	0.1557638	414.217	56.53776	0.0001034429	0.1761688
-155.8239	0.1577027	413.9662	56.56045	0.0001030756	0.1759338
-155.6575	0.1596598	413.7152	56.58325	0.0001027103	0.1756988
-155.491	0.1616354	413.464	56.60616	0.0001023469	0.1754637
-155.3246	0.1636294	413.2124	56.62918	0.0001019854	0.1752285
-155.1581	0.1656420	412.9607	56.65232	0.0001016258	0.1749932
-154.9917	0.1676733	412.7086	56.67557	0.0001012681	0.1747579
-154.8252	0.1697235	412.4563	56.69893	0.0001009123	0.1745225
-154.6588	0.1717926	412.2038	56.72241	0.0001005584	0.1742871
-154.4923	0.1738807	411.9509	56.746	0.0001002063	0.1740515
-154.3259	0.1759880	411.6978	56.76972	9.9856E-05	0.1738159
-154.1594	0.1781146	411.4445	56.79355	9.95076E-05	0.1735803
-153.993	0.1802605	411.1909	56.8175	9.91609E-05	0.1733446
-153.8265	0.1824259	410.937	56.84157	9.8816E-05	0.1731088
-153.6601	0.1846109	410.6828	56.86576	9.8473E-05	0.1728730
-153.4936	0.1868157	410.4284	56.89007	9.81316E-05	0.1726371
-153.3272	0.1890402	410.1737	56.9145	9.7792E-05	0.1724012
-153.1607	0.1912847	409.9188	56.93906	9.74542E-05	0.1721652
-152.9943	0.1935493	409.6636	56.96374	9.7118E-05	0.1719292
-152.8278	0.1958340	409.408	56.98855	9.67836E-05	0.1716931
-152.6614	0.1981390	409.1523	57.01348	9.64509E-05	0.1714569
-152.4949	0.2004644	408.8962	57.03854	9.61198E-05	0.1712207
-152.3285	0.2028102	408.6399	57.06373	9.57904E-05	0.1709845
-152.162	0.2051767	408.3833	57.08905	9.54627E-05	0.1707482
-151.9956	0.2075640	408.1264	57.1145	9.51366E-05	0.1705119
-151.8291	0.2099721	407.8692	57.14008	9.48121E-05	0.1702755
-151.6627	0.2124011	407.6118	57.16579	9.44892E-05	0.1700390
-151.4962	0.2148512	407.354	57.19164	9.4168E-05	0.1698026
-151.3298	0.2173225	407.096	57.21762	9.38483E-05	0.1695661
-151.1633	0.2198151	406.8377	57.24373	9.35302E-05	0.1693295
-150.9969	0.2223292	406.5791	57.26998	9.32137E-05	0.1690929
-150.8304	0.2248647	406.3202	57.29637	9.28987E-05	0.1688563
-150.664	0.2274220	406.0611	57.3229	9.25853E-05	0.1686196
-150.4975	0.2300009	405.8016	57.34956	9.22734E-05	0.1683829
-150.3311	0.2326018	405.5419	57.37637	9.1963E-05	0.1681461
-150.1646	0.2352246	405.2818	57.40332	9.16542E-05	0.1679094
-149.9982	0.2378696	405.0215	57.43041	9.13468E-05	0.1676725
-149.8317	0.2405368	404.7608	57.45765	9.10409E-05	0.1674357
-149.6653	0.2432263	404.4999	57.48503	9.07365E-05	0.1671988
-149.4988	0.2459383	404.2387	57.51255	9.04335E-05	0.1669619
-149.3324	0.2486728	403.9771	57.54023	9.0132E-05	0.1667250
-149.1659	0.2514301	403.7153	57.56805	8.9832E-05	0.1664880
-148.9995	0.2542101	403.4532	57.59602	8.95333E-05	0.1662510
-148.833	0.2570131	403.1907	57.62414	8.92361E-05	0.1660140
-148.6666	0.2598391	402.928	57.65242	8.89403E-05	0.1657769
-148.5001	0.2626883	402.6649	57.68084	8.86459E-05	0.1655398
-148.3337	0.2655608	402.4016	57.70943	8.83529E-05	0.1653027
-148.1672	0.2684566	402.1379	57.73816	8.80612E-05	0.1650656
-148.0008	0.2713760	401.8739	57.76706	8.77709E-05	0.1648284
-147.8343	0.2743190	401.6096	57.79611	8.7482E-05	0.1645913
-147.6679	0.2772857	401.345	57.82532	8.71944E-05	0.1643541
-147.5014	0.2802763	401.0801	57.85469	8.69082E-05	0.1641168
-147.335	0.2832909	400.8149	57.88423	8.66233E-05	0.1638796
-147.1685	0.2863295	400.5493	57.91392	8.63397E-05	0.1636423
-147.0021	0.2893924	400.2834	57.94379	8.60574E-05	0.1634051
-146.8356	0.2924797	400.0172	57.97381	8.57764E-05	0.1631678
-146.6692	0.2955913	399.7507	58.00401	8.54967E-05	0.1629305
-146.5027	0.2987276	399.4838	58.03437	8.52182E-05	0.1626931
-146.3363	0.3018885	399.2167	58.06491	8.49411E-05	0.1624558
-146.1698	0.3050743	398.9492	58.09561	8.46652E-05	0.1622184
-146.0034	0.3082850	398.6813	58.12649	8.43905E-05	0.1619811
-145.8369	0.3115207	398.4132	58.15754	8.41171E-05	0.1617437
-145.6705	0.3147816	398.1447	58.18876	8.38449E-05	0.1615063
-145.504	0.3180678	397.8759	58.22017	8.3574E-05	0.1612689
-145.3376	0.3213794	397.6067	58.25175	8.33042E-05	0.1610314
-145.1711	0.3247165	397.3372	58.28351	8.30357E-05	0.1607940
-145.0047	0.3280793	397.0674	58.31545	8.27683E-05	0.1605566
-144.8382	0.3314678	396.7972	58.34758	8.25022E-05	0.1603191
-144.6718	0.3348823	396.5267	58.37989	8.22372E-05	0.1600816
-144.5053	0.3383227	396.2558	58.41238	8.19734E-05	0.1598442
-144.3389	0.3417892	395.9846	58.44506	8.17108E-05	0.1596067
-144.1724	0.3452820	395.7131	58.47794	8.14493E-05	0.1593692
-144.006	0.3488012	395.4412	58.511	8.1189E-05	0.1591317
-143.8395	0.3523469	395.1689	58.54425	8.09298E-05	0.1588942
-143.6731	0.3559191	394.8963	58.5777	8.06717E-05	0.1586567
-143.5066	0.3595181	394.6234	58.61134	8.04147E-05	0.1584192
-143.3402	0.3631440	394.3501	58.64518	8.01589E-05	0.1581817
-143.1737	0.3667968	394.0764	58.67921	7.99042E-05	0.1579442
-143.0073	0.3704767	393.8024	58.71345	7.96506E-05	0.1577067
-142.8408	0.3741838	393.528	58.74789	0.000079398	0.1574692
-142.6744	0.3779182	393.2533	58.78253	7.91465E-05	0.1572317
-142.5079	0.3816802	392.9781	58.81738	7.88962E-05	0.1569941
-142.3415	0.3854696	392.7027	58.85243	7.86468E-05	0.1567566
-142.175	0.3892868	392.4268	58.8877	7.83986E-05	0.1565191
-142.0086	0.3931318	392.1506	58.92317	7.81514E-05	0.1562816
-141.8421	0.3970048	391.874	58.95885	7.79052E-05	0.1560441
-141.6757	0.4009058	391.5971	58.99475	7.76601E-05	0.1558065
-141.5092	0.4048350	391.3198	59.03087	7.7416E-05	0.1555690
-141.3428	0.4087925	391.0421	59.0672	7.71729E-05	0.1553315
-141.1763	0.4127785	390.764	59.10375	7.69308E-05	0.1550940
-141.0099	0.4167930	390.4855	59.14052	7.66898E-05	0.1548565
-140.8434	0.4208362	390.2067	59.17752	7.64497E-05	0.1546190
-140.677	0.4249081	389.9275	59.21474	7.62107E-05	0.1543815
-140.5105	0.4290090	389.6478	59.25219	7.59726E-05	0.1541440
-140.3441	0.4331390	389.3678	59.28987	7.57355E-05	0.1539065
-140.1776	0.4372981	389.0874	59.32777	7.54994E-05	0.1536690
-140.0112	0.4414865	388.8067	59.36591	7.52642E-05	0.1534315
-139.8447	0.4457043	388.5255	59.40429	7.503E-05	0.1531940
-139.6783	0.4499517	388.2439	59.4429	7.47968E-05	0.1529566
-139.5118	0.4542287	387.962	59.48176	7.45645E-05	0.1527191
-139.3454	0.4585355	387.6796	59.52085	7.43331E-05	0.1524817
-139.1789	0.4628722	387.3968	59.56018	7.41027E-05	0.1522442
-139.0125	0.4672389	387.1136	59.59977	7.38732E-05	0.1520068
-138.846	0.4716358	386.8301	59.63959	7.36446E-05	0.1517693
-138.6796	0.4760630	386.5461	59.67967	7.3417E-05	0.1515319
-138.5131	0.4805206	386.2617	59.72	7.31902E-05	0.1512945
-138.3467	0.4850087	385.9769	59.76059	7.29644E-05	0.1510571
-138.1802	0.4895275	385.6917	59.80143	7.27394E-05	0.1508197
-138.0138	0.4940770	385.406	59.84253	7.25153E-05	0.1505823
-137.8473	0.4986574	385.12	59.88389	7.22921E-05	0.1503449
-137.6809	0.5032689	384.8335	59.92551	7.20698E-05	0.1501076
-137.5144	0.5079115	384.5466	59.9674	7.18484E-05	0.1498702
-137.348	0.5125854	384.2593	60.00956	7.16278E-05	0.1496329
-137.1815	0.5172907	383.9715	60.05199	7.1408E-05	0.1493955
-137.0151	0.5220275	383.6833	60.09469	7.11892E-05	0.1491582
-136.8486	0.5267959	383.3947	60.13767	7.09711E-05	0.1489209
-136.6822	0.5315962	383.1057	60.18092	7.0754E-05	0.1486836
-136.5157	0.5364283	382.8162	60.22445	7.05376E-05	0.1484463
-136.3493	0.5412924	382.5262	60.26827	7.03221E-05	0.1482090
-136.1828	0.5461888	382.2359	60.31237	7.01074E-05	0.1479718
-136.0164	0.5511173	381.9451	60.35676	6.98935E-05	0.1477345
-135.8499	0.5560783	381.6538	60.40144	6.96804E-05	0.1474973
-135.6835	0.5610718	381.3621	60.44642	6.94682E-05	0.1472600
-135.517	0.5660980	381.07	60.49169	6.92567E-05	0.1470228
-135.3506	0.5711569	380.7773	60.53726	6.9046E-05	0.1467856
-135.1841	0.5762487	380.4843	60.58313	6.88361E-05	0.1465484
-135.0177	0.5813736	380.1908	60.62931	6.8627E-05	0.1463112
-134.8512	0.5865316	379.8968	60.67579	6.84187E-05	0.1460741
-134.6848	0.5917229	379.6023	60.72258	6.82112E-05	0.1458369
-134.5183	0.5969476	379.3074	60.76969	6.80044E-05	0.1455998
-134.3519	0.6022059	379.012	60.81711	6.77984E-05	0.1453627
-134.1854	0.6074978	378.7162	60.86485	6.75931E-05	0.1451255
-134.019	0.6128235	378.4199	60.91291	6.73886E-05	0.1448884
-133.8525	0.6181831	378.1231	60.9613	6.71849E-05	0.1446514
-133.6861	0.6235768	377.8258	61.01001	6.69819E-05	0.1444143
-133.5196	0.6290046	377.528	61.05906	6.67796E-05	0.1441772
-133.3532	0.6344667	377.2298	61.10844	6.6578E-05	0.1439402
-133.1867	0.6399632	376.9311	61.15815	6.63772E-05	0.1437032
-133.0203	0.6454943	376.6318	61.20821	6.61771E-05	0.1434661
-132.8538	0.6510601	376.3321	61.25861	6.59777E-05	0.1432291
-132.6874	0.6566607	376.0319	61.30936	6.57791E-05	0.1429922
-132.521	0.6622962	375.7312	61.36046	6.55811E-05	0.1427552
-132.3545	0.6679667	375.43	61.41192	6.53838E-05	0.1425182
-132.1881	0.6736725	375.1283	61.46373	6.51873E-05	0.1422813
-132.0216	0.6794136	374.8261	61.5159	6.49914E-05	0.1420443
-131.8552	0.6851901	374.5234	61.56844	6.47962E-05	0.1418074
-131.6887	0.6910022	374.2201	61.62134	6.46017E-05	0.1415705
-131.5223	0.6968499	373.9164	61.67462	6.44079E-05	0.1413336
-131.3558	0.7027336	373.6121	61.72827	6.42148E-05	0.1410967
-131.1894	0.7086531	373.3073	61.7823	6.40223E-05	0.1408599
-131.0229	0.7146088	373.002	61.83671	6.38305E-05	0.1406230
-130.8565	0.7206006	372.6962	61.89152	6.36393E-05	0.1403862
-130.69	0.7266289	372.3898	61.94671	6.34488E-05	0.1401494
-130.5236	0.7326935	372.0829	62.00229	6.3259E-05	0.1399125
-130.3571	0.7387948	371.7755	62.05827	6.30698E-05	0.1396757
-130.1907	0.7449328	371.4675	62.11466	6.28812E-05	0.1394390
-130.0242	0.7511077	371.159	62.17145	6.26933E-05	0.1392022
-129.8578	0.7573196	370.8499	62.22866	6.2506E-05	0.1389654
-129.6913	0.7635685	370.5403	62.28627	6.23194E-05	0.1387287
-129.5249	0.7698547	370.2301	62.34431	6.21334E-05	0.1384919
-129.3584	0.7761783	369.9194	62.40277	6.19479E-05	0.1382552
-129.192	0.7825394	369.6081	62.46166	6.17632E-05	0.1380185
-129.0255	0.7889382	369.2962	62.52098	6.1579E-05	0.1377818
-128.8591	0.7953747	368.9838	62.58073	6.13954E-05	0.1375451
-128.6926	0.8018491	368.6708	62.64093	6.12124E-05	0.1373084
-128.5262	0.8083615	368.3573	62.70158	6.10301E-05	0.1370717
-128.3597	0.8149121	368.0431	62.76267	6.08483E-05	0.1368351
-128.1933	0.8215009	367.7284	62.82422	6.06671E-05	0.1365984
-128.0268	0.8281282	367.4131	62.88623	6.04865E-05	0.1363618
-127.8604	0.8347940	367.0973	62.9487	6.03065E-05	0.1361252
-127.6939	0.8414985	366.7808	63.01164	6.0127E-05	0.1358886
-127.5275	0.8482419	366.4637	63.07506	5.99482E-05	0.1356519
-127.361	0.8550241	366.146	63.13896	5.97699E-05	0.1354153
-127.1946	0.8618454	365.8278	63.20334	5.95921E-05	0.1351787
-127.0281	0.8687060	365.5089	63.26821	5.9415E-05	0.1349422
-126.8617	0.8756058	365.1894	63.33358	5.92384E-05	0.1347056
-126.6952	0.8825451	364.8693	63.39945	5.90623E-05	0.1344690
-126.5288	0.8895241	364.5486	63.46582	5.88868E-05	0.1342325
-126.3623	0.8965427	364.2273	63.53271	5.87119E-05	0.1339959
-126.1959	0.9036012	363.9053	63.60011	5.85375E-05	0.1337594
-126.0294	0.9106997	363.5827	63.66803	5.83636E-05	0.1335228
-125.863	0.9178384	363.2595	63.73649	5.81903E-05	0.1332863
-125.6965	0.9250172	362.9356	63.80548	5.80174E-05	0.1330497
-125.5301	0.9322365	362.6111	63.87501	5.78452E-05	0.1328132
-125.3636	0.9394963	362.286	63.94509	5.76734E-05	0.1325767
-125.1972	0.9467968	361.9602	64.01571	5.75022E-05	0.1323402
-125.0307	0.9541380	361.6338	64.0869	5.73315E-05	0.1321037
-124.8643	0.9615202	361.3066	64.15866	5.71613E-05	0.1318672
-124.6978	0.9689434	360.9789	64.23098	5.69916E-05	0.1316307
-124.5314	0.9764078	360.6504	64.30388	5.68224E-05	0.1313942
-124.3649	0.9839135	360.3213	64.37737	5.66537E-05	0.1311577
-124.1985	0.9914606	359.9916	64.45145	5.64855E-05	0.1309211
-124.032	0.9990494	359.6611	64.52613	5.63178E-05	0.1306846
-123.8656	1.00668	359.3299	64.60141	5.61506E-05	0.1304481
-123.6991	1.014352	358.9981	64.6773	5.59839E-05	0.1302117
-123.5327	1.022067	358.6656	64.75382	5.58177E-05	0.1299752
-123.3662	1.029823	358.3324	64.83096	5.5652E-05	0.1297386
-123.1998	1.037622	357.9984	64.90873	5.54867E-05	0.1295021
-123.0333	1.045463	357.6638	64.98715	5.53219E-05	0.1292656
-122.8669	1.053346	357.3284	65.06621	5.51576E-05	0.1290291
-122.7004	1.061273	356.9924	65.14593	5.49937E-05	0.1287926
-122.534	1.069242	356.6556	65.22632	5.48303E-05	0.1285561
-122.3675	1.077254	356.3181	65.30737	5.46674E-05	0.1283196
-122.2011	1.085309	355.9798	65.38911	5.45049E-05	0.1280831
-122.0346	1.093407	355.6408	65.47154	5.43429E-05	0.1278465
-121.8682	1.101549	355.3011	65.55466	5.41813E-05	0.1276100
-121.7017	1.109734	354.9606	65.63849	5.40202E-05	0.1273734
-121.5353	1.117963	354.6194	65.72304	5.38595E-05	0.1271369
-121.3688	1.126235	354.2774	65.8083	5.36992E-05	0.1269003
-121.2024	1.134551	353.9346	65.8943	5.35394E-05	0.1266638
-121.0359	1.142912	353.5911	65.98104	5.338E-05	0.1264272
-120.8695	1.151316	353.2468	66.06853	5.32211E-05	0.1261906
-120.703	1.159765	352.9017	66.15678	5.30626E-05	0.1259540
-120.5366	1.168258	352.5558	66.2458	5.29045E-05	0.1257174
-120.3701	1.176796	352.2092	66.33559	5.27468E-05	0.1254808
-120.2037	1.185379	351.8617	66.42618	5.25895E-05	0.1252441
-120.0372	1.194006	351.5135	66.51756	5.24327E-05	0.1250075
-119.8708	1.202679	351.1644	66.60976	5.22762E-05	0.1247708
-119.7043	1.211396	350.8145	66.70277	5.21202E-05	0.1245341
-119.5379	1.220159	350.4638	66.79661	5.19646E-05	0.1242974
-119.3714	1.228967	350.1123	66.8913	5.18094E-05	0.1240607
-119.205	1.237821	349.7599	66.98683	5.16545E-05	0.1238240
-119.0385	1.24672	349.4067	67.08323	5.15001E-05	0.1235872
-118.8721	1.255665	349.0527	67.1805	5.13461E-05	0.1233504
-118.7056	1.264656	348.6978	67.27866	5.11924E-05	0.1231136
-118.5392	1.273694	348.342	67.37772	5.10391E-05	0.1228768
-118.3727	1.282777	347.9854	67.47768	5.08862E-05	0.1226400
-118.2063	1.291907	347.6279	67.57857	5.07337E-05	0.1224031
-118.0398	1.301083	347.2695	67.68039	5.05816E-05	0.1221662
-117.8734	1.310306	346.9102	67.78315	5.04298E-05	0.1219293
-117.7069	1.319576	346.5501	67.88688	5.02784E-05	0.1216924
-117.5405	1.328893	346.189	67.99158	5.01274E-05	0.1214554
-117.374	1.338257	345.8271	68.09727	4.99767E-05	0.1212184
-117.2076	1.347668	345.4642	68.20395	4.98264E-05	0.1209814
-117.0411	1.357126	345.1004	68.31165	4.96765E-05	0.1207444
-116.8747	1.366632	344.7357	68.42038	4.95269E-05	0.1205073
-116.7082	1.376186	344.37	68.53014	4.93777E-05	0.1202702
-116.5418	1.385787	344.0034	68.64097	4.92288E-05	0.1200330
-116.3753	1.395436	343.6359	68.75287	4.90802E-05	0.1197959
-116.2089	1.405134	343.2674	68.86585	4.8932E-05	0.1195587
-116.0424	1.414879	342.8979	68.97994	4.87841E-05	0.1193214
-115.876	1.424673	342.5275	69.09514	4.86366E-05	0.1190841
-115.7095	1.434516	342.156	69.21148	4.84894E-05	0.1188468
-115.5431	1.444407	341.7836	69.32897	4.83425E-05	0.1186094
-115.3766	1.454347	341.4102	69.44763	4.8196E-05	0.1183720
-115.2102	1.464335	341.0358	69.56748	4.80497E-05	0.1181346
-115.0437	1.474373	340.6604	69.68852	4.79038E-05	0.1178971
-114.8773	1.484461	340.2839	69.81079	4.77583E-05	0.1176596
-114.7108	1.494597	339.9064	69.93429	4.7613E-05	0.1174220
-114.5444	1.504783	339.5279	70.05906	4.7468E-05	0.1171844
-114.3779	1.515019	339.1483	70.1851	4.73234E-05	0.1169467
-114.2115	1.525304	338.7677	70.31243	4.7179E-05	0.1167090
-114.045	1.53564	338.386	70.44108	0.000047035	0.1164712
-113.8786	1.546026	338.0033	70.57107	4.68913E-05	0.1162334
-113.7121	1.556461	337.6194	70.70241	4.67478E-05	0.1159956
-113.5457	1.566948	337.2345	70.83513	4.66047E-05	0.1157576
-113.3792	1.577485	336.8484	70.96925	4.64618E-05	0.1155197
-113.2128	1.588072	336.4612	71.10478	4.63192E-05	0.1152816
-113.0463	1.598711	336.073	71.24177	4.61769E-05	0.1150436
-112.8799	1.6094	335.6835	71.38021	4.60349E-05	0.1148054
-112.7134	1.620141	335.293	71.52015	4.58932E-05	0.1145672
-112.547	1.630932	334.9013	71.6616	4.57518E-05	0.1143290
-112.3805	1.641776	334.5084	71.80459	4.56106E-05	0.1140906
-112.2141	1.652671	334.1143	71.94914	4.54697E-05	0.1138522
-112.0476	1.663617	333.7191	72.09529	4.5329E-05	0.1136138
-111.8812	1.674616	333.3226	72.24304	4.51887E-05	0.1133753
-111.7147	1.685667	332.925	72.39244	4.50485E-05	0.1131367
-111.5483	1.696769	332.5261	72.5435	4.49087E-05	0.1128980
-111.3818	1.707925	332.126	72.69627	4.47691E-05	0.1126593
-111.2154	1.719132	331.7247	72.85075	4.46297E-05	0.1124205
-111.0489	1.730393	331.3221	73.007	4.44906E-05	0.1121817
-110.8825	1.741706	330.9183	73.16502	4.43518E-05	0.1119427
-110.716	1.753072	330.5131	73.32487	4.42131E-05	0.1117037
-110.5496	1.764492	330.1067	73.48656	4.40748E-05	0.1114646
-110.3831	1.775964	329.699	73.65012	4.39366E-05	0.1112254
-110.2167	1.78749	329.29	73.8156	4.37987E-05	0.1109862
-110.0502	1.79907	328.8796	73.98303	4.3661E-05	0.1107468
-109.8838	1.810703	328.4679	74.15243	4.35236E-05	0.1105074
-109.7173	1.822391	328.0549	74.32385	4.33864E-05	0.1102679
-109.5509	1.834132	327.6404	74.49733	4.32494E-05	0.1100283
-109.3844	1.845928	327.2246	74.67289	4.31126E-05	0.1097886
-109.218	1.857778	326.8075	74.85057	0.000042976	0.1095489
-109.0515	1.869683	326.3889	75.03043	4.28396E-05	0.1093090
-108.8851	1.881642	325.9688	75.21248	4.27035E-05	0.1090691
-108.7186	1.893656	325.5474	75.39679	4.25676E-05	0.1088290
-108.5522	1.905725	325.1245	75.58338	4.24318E-05	0.1085889
-108.3857	1.91785	324.7001	75.77231	4.22963E-05	0.1083486
-108.2193	1.93003	324.2742	75.96361	4.21609E-05	0.1081083
-108.0528	1.942265	323.8469	76.15733	4.20258E-05	0.1078678
-107.8864	1.954556	323.418	76.35351	4.18908E-05	0.1076273
-107.7199	1.966903	322.9876	76.55222	4.1756E-05	0.1073867
-107.5535	1.979305	322.5556	76.75349	4.16214E-05	0.1071459
-107.387	1.991764	322.1221	76.95737	4.1487E-05	0.1069050
-107.2206	2.00428	321.687	77.16392	4.13528E-05	0.1066641
-107.0541	2.016852	321.2503	77.37318	4.12187E-05	0.1064230
-106.8877	2.02948	320.812	77.58523	4.10848E-05	0.1061818
-106.7212	2.042166	320.3721	77.8001	4.09511E-05	0.1059405
-106.5548	2.054908	319.9305	78.01786	4.08175E-05	0.1056991
-106.3883	2.067707	319.4873	78.23856	4.06841E-05	0.1054575
-106.2219	2.080564	319.0423	78.46227	4.05508E-05	0.1052159
-106.0554	2.093479	318.5957	78.68905	4.04177E-05	0.1049741
-105.889	2.106451	318.1473	78.91897	4.02848E-05	0.1047322
-105.7225	2.119481	317.6972	79.15208	4.01519E-05	0.1044902
-105.5561	2.132569	317.2453	79.38847	4.00193E-05	0.1042480
-105.3896	2.145715	316.7916	79.62819	3.98868E-05	0.1040058
-105.2232	2.158919	316.3361	79.87132	3.97544E-05	0.1037634
-105.0567	2.172183	315.8788	80.11793	3.96221E-05	0.1035208
-104.8903	2.185504	315.4196	80.3681	3.949E-05	0.1032781
-104.7238	2.198885	314.9586	80.62192	3.93579E-05	0.1030353
-104.5574	2.212325	314.4956	80.87945	3.9226E-05	0.1027924
-104.3909	2.225824	314.0307	81.14079	3.90943E-05	0.1025493
-104.2245	2.239383	313.5639	81.40601	3.89626E-05	0.1023061
-104.058	2.253001	313.0951	81.67522	3.8831E-05	0.1020627
-103.8916	2.266679	312.6244	81.94849	3.86996E-05	0.1018192
-103.7251	2.280417	312.1516	82.22592	3.85682E-05	0.1015756
-103.5587	2.294215	311.6767	82.50762	3.8437E-05	0.1013318
-103.3922	2.308073	311.1998	82.79368	3.83058E-05	0.1010879
-103.2258	2.321992	310.7208	83.0842	3.81747E-05	0.1008438
-103.0593	2.335972	310.2397	83.37929	3.80437E-05	0.1005996
-102.8929	2.350012	309.7564	83.67906	3.79128E-05	0.1003552
-102.7264	2.364114	309.2709	83.98363	3.7782E-05	0.1001106
-102.56	2.378277	308.7832	84.29312	3.76512E-05	0.09986595
-102.3935	2.392501	308.2933	84.60763	3.75205E-05	0.09962110
-102.2271	2.406787	307.8011	84.92731	3.73899E-05	0.09937610
-102.0606	2.421135	307.3066	85.25227	3.72593E-05	0.09913093
-101.8942	2.435545	306.8098	85.58267	3.71287E-05	0.09888561
-101.7277	2.450017	306.3106	85.91862	3.69983E-05	0.09864013
-101.5613	2.464551	305.809	86.26028	3.68678E-05	0.09839449
-101.3948	2.479148	305.3049	86.6078	3.67374E-05	0.09814868
-101.2284	2.493808	304.7984	86.96133	3.6607E-05	0.09790271
-101.0619	2.508531	304.2894	87.32103	3.64767E-05	0.09765658
-100.8955	2.523317	303.7779	87.68707	3.63464E-05	0.09741028
-100.729	2.538167	303.2637	88.05961	3.62161E-05	0.09716382
-100.5626	2.55308	302.747	88.43884	3.60858E-05	0.09691719
-100.3961	2.568057	302.2276	88.82494	3.59555E-05	0.09667040
-100.2297	2.583098	301.7055	89.2181	3.58253E-05	0.09642344
-100.0632	2.598203	301.1806	89.61852	0.000035695	0.09617631
-99.89678	2.613373	300.653	90.0264	3.55647E-05	0.09592901
-99.73033	2.628607	300.1225	90.44197	3.54344E-05	0.09568155
-99.56388	2.643906	299.5892	90.86544	3.53041E-05	0.09543392
-99.39743	2.659271	299.053	91.29704	3.51738E-05	0.09518612
-99.23098	2.6747	298.5138	91.73702	3.50434E-05	0.09493816
-99.06453	2.690195	297.9716	92.18563	3.4913E-05	0.09469003
-98.89808	2.705756	297.4263	92.64312	3.47826E-05	0.09444174
-98.73163	2.721382	296.8779	93.10976	3.46521E-05	0.09419328
-98.56518	2.737075	296.3264	93.58585	3.45215E-05	0.09394467
-98.39873	2.752834	295.7717	94.07167	3.43909E-05	0.09369589
-98.23228	2.76866	295.2136	94.56753	3.42602E-05	0.09344695
-98.06583	2.784552	294.6523	95.07375	3.41294E-05	0.09319786
-97.89938	2.800512	294.0876	95.59066	3.39986E-05	0.09294861
-97.73293	2.816538	293.5194	96.11861	3.38677E-05	0.09269922
-97.56649	2.832633	292.9477	96.65798	3.37366E-05	0.09244967
-97.40004	2.848795	292.3725	97.20912	3.36055E-05	0.09219998
-97.23359	2.865025	291.7936	97.77245	3.34742E-05	0.09195015
-97.06714	2.881323	291.211	98.34838	3.33429E-05	0.09170018
-96.90069	2.897689	290.6247	98.93734	3.32114E-05	0.09145008
-96.73424	2.914125	290.0345	99.5398	3.30797E-05	0.09119986
-96.56779	2.930629	289.4404	10.01562	3.29479E-05	0.09094951
-96.40134	2.947202	288.8423	10.07871	3.2816E-05	0.09069905
-96.23489	2.963845	288.2402	10.1433	3.26839E-05	0.09044848
-96.06844	2.980557	287.6339	10.20944	3.25516E-05	0.09019781
-95.90199	2.99734	287.0234	10.27719	3.24192E-05	0.08994704
-95.73554	3.014192	286.4085	10.34662	3.22865E-05	0.08969620
-95.56909	3.031115	285.7893	10.41779	3.21537E-05	0.08944528
-95.40264	3.048109	285.1656	10.49075	3.20206E-05	0.08919429
-95.23619	3.065173	284.5373	10.5656	3.18873E-05	0.08894326
-95.06974	3.082309	283.9043	10.64239	3.17538E-05	0.08869218
-94.90329	3.099516	283.2665	10.72121	3.162E-05	0.08844108
-94.73684	3.116795	282.6238	10.80214	3.1486E-05	0.08818997
-94.57039	3.134146	281.9761	10.88527	3.13517E-05	0.08793886
-94.40394	3.151569	281.3233	10.97069	3.12171E-05	0.08768777
-94.23749	3.169065	280.6653	11.0585	3.10823E-05	0.08743672
-94.07104	3.186634	280.0019	11.1488	3.09471E-05	0.08718573
-93.90459	3.204276	279.333	11.2417	3.08116E-05	0.08693483
-93.73814	3.221992	278.6586	11.33733	3.06758E-05	0.08668402
-93.57169	3.239781	277.9784	11.43579	3.05396E-05	0.08643335
-93.40524	3.257644	277.2923	11.53723	3.0403E-05	0.08618283
-93.23879	3.275582	276.6002	11.64178	3.02661E-05	0.08593250
-93.07234	3.293594	275.9019	11.7496	3.01288E-05	0.08568239
-92.90589	3.311681	275.1973	11.86083	2.9991E-05	0.08543253
-92.73944	3.329844	274.4862	11.97565	2.98529E-05	0.08518297
-92.57299	3.348082	273.7684	12.09424	2.97143E-05	0.08493373
-92.40654	3.366396	273.0437	12.21679	2.95752E-05	0.08468487
-92.24009	3.384786	272.312	12.34351	2.94356E-05	0.08443644
-92.07364	3.403253	271.573	12.47461	2.92955E-05	0.08418848
-91.90719	3.421797	270.8266	12.61034	2.91549E-05	0.08394105
-91.74074	3.440419	270.0725	12.75094	2.90137E-05	0.08369422
-91.57429	3.459118	269.3106	12.89669	2.8872E-05	0.08344805
-91.40784	3.477894	268.5405	13.04789	2.87296E-05	0.08320261
-91.24139	3.49675	267.762	13.20485	2.85867E-05	0.08295798
-91.07494	3.515684	266.9749	13.36791	2.8443E-05	0.08271425
-90.90849	3.534697	266.1789	13.53744	2.82987E-05	0.08247150
-90.74204	3.55379	265.3736	13.71384	2.81537E-05	0.08222986
-90.57559	3.572962	264.5589	13.89755	2.80079E-05	0.08198941
-90.40914	3.592215	263.7343	14.08903	2.78614E-05	0.08175029
-90.24269	3.611549	262.8996	14.28881	2.7714E-05	0.08151264
-90.07624	3.630963	262.0543	14.49744	2.75658E-05	0.08127659
-89.90979	3.65046	261.1982	14.71554	2.74167E-05	0.08104231
-89.74334	3.670038	260.3307	14.94377	2.72666E-05	0.08080998
-89.57689	3.689699	259.4514	15.18286	2.71156E-05	0.08057979
-89.41044	3.709442	258.56	15.43363	2.69636E-05	0.08035196
-89.24399	3.729269	257.6558	15.69697	2.68104E-05	0.08012672
-89.07754	3.74918	256.7385	15.97385	2.66562E-05	0.07990435
-88.91109	3.769175	255.8074	16.26537	2.65008E-05	0.07968513
-88.74464	3.789255	254.862	16.57274	2.63441E-05	0.07946939
-88.57819	3.80942	253.9016	16.89729	2.61862E-05	0.07925750
-88.41174	3.829672	252.9255	17.24054	2.60269E-05	0.07904985
-88.24529	3.850009	251.933	17.60416	2.58661E-05	0.07884692
-88.07884	3.870434	250.9233	17.99005	2.57038E-05	0.07864920
-87.91239	3.890946	249.8956	18.40033	2.55398E-05	0.07845727
-87.74594	3.911546	248.849	18.83742	2.53742E-05	0.07827179
-87.5795	3.932235	247.7823	19.30407	2.52068E-05	0.07809348
-87.41305	3.953013	246.6946	19.8034	2.50374E-05	0.07792319
-87.2466	3.973882	245.5847	20.339	2.4866E-05	0.07776188
-87.08015	3.994841	244.4512	20.91502	2.46925E-05	0.07761063
-86.9137	4.015891	243.2927	21.53622	2.45166E-05	0.07747072
-86.74725	4.037034	242.1076	22.2082	2.43383E-05	0.07734360
-86.5808	4.05827	240.8942	22.93748	2.41573E-05	0.07723096
-86.41435	4.079599	239.6505	23.73176	2.39735E-05	0.07713478
-86.2479	4.101023	238.3744	24.6002	2.37866E-05	0.07705739
-86.08145	4.122542	237.0634	25.55372	2.35965E-05	0.07700155
-85.915	4.144158	235.7147	26.60556	2.34028E-05	0.07697052
-85.74855	4.165871	234.3253	27.77178	2.32052E-05	0.07696825
-85.5821	4.187683	232.8916	29.07221	2.30034E-05	0.07699951
-85.41565	4.209594	231.4095	30.53147	2.2797E-05	0.07707011
-85.2492	4.231605	229.8742	32.18062	2.25854E-05	0.07718726
-85.08275	4.253719	228.2803	34.05934	2.23683E-05	0.07735996
-84.9163	4.275935	226.6211	36.21916	2.21449E-05	0.07759961
-84.74985	4.298257	224.8889	38.72819	2.19144E-05	0.07792089
-84.5834	4.320684	223.0743	41.67832	2.1676E-05	0.07834304
-84.41695	4.34322	221.1655	45.19652	2.14285E-05	0.07889177
-84.2505	4.365865	219.1483	49.46318	2.11705E-05	0.07960229
-84.08405	4.388623	217.0041	54.74316	2.09003E-05	0.08052420
-83.9176	4.411496	214.709	61.44119	2.06155E-05	0.08172983
-83.75115	4.434486	212.2307	70.20658	2.03131E-05	0.08332916
-83.5847	4.457597	209.5242	82.14806	1.99887E-05	0.08549867
-83.41825	4.480833	206.5235	99.3182	1.96362E-05	0.08854178
-83.2518	4.5042	203.1255	12.59627	1.92458E-05	0.09303201
-83.08535	4.527705	199.1519	17.2412	1.88007E-05	0.1002134
-82.9189	4.551357	194.2435	27.14416	1.82677E-05	0.1134563
-82.75245	4.575176	187.4146	60.21347	1.75559E-05	0.1469913
