-129.680000	7.63224E-08	762.3531	142.0463	0.003709115	0.1750252
-129.136300	8.51579E-08	761.8451	142.0384	0.003611795	0.1748592
-128.592600	9.49279E-08	761.3375	142.0314	0.003518177	0.1746915
-128.048900	1.05721E-07	760.8305	142.0252	0.003428087	0.1745220
-127.505100	1.17635E-07	760.3239	142.0198	0.003341357	0.1743508
-126.961400	1.30773E-07	759.8178	142.0152	0.003257831	0.1741779
-126.417700	1.4525E-07	759.3122	142.0115	0.003177362	0.1740033
-125.874000	1.61188E-07	758.807	142.0085	0.003099809	0.1738271
-125.330300	1.7872E-07	758.3023	142.0064	0.003025039	0.1736494
-124.786600	1.9799E-07	757.798	142.005	0.002952928	0.1734701
-124.242800	2.19151E-07	757.2942	142.0045	0.002883356	0.1732893
-123.699100	2.42371E-07	756.7908	142.0047	0.002816211	0.1731069
-123.155400	2.67831E-07	756.2878	142.0056	0.002751387	0.1729231
-122.611700	2.95721E-07	755.7853	142.0073	0.002688782	0.1727379
-122.068000	3.26252E-07	755.2831	142.0098	0.002628301	0.1725513
-121.524300	3.59649E-07	754.7814	142.013	0.002569853	0.1723633
-120.980500	3.9615E-07	754.2801	142.0169	0.002513351	0.1721739
-120.436800	4.36016E-07	753.7792	142.0216	0.002458714	0.1719833
-119.893100	4.79524E-07	753.2787	142.027	0.002405863	0.1717913
-119.349400	5.2697E-07	752.7785	142.0331	0.002354725	0.1715981
-118.805700	5.78674E-07	752.2788	142.0399	0.002305229	0.1714036
-118.262000	6.34978E-07	751.7794	142.0474	0.002257308	0.1712079
-117.718200	6.96244E-07	751.2804	142.0556	0.002210899	0.1710110
-117.174500	7.62866E-07	750.7818	142.0646	0.002165941	0.1708129
-116.630800	8.35261E-07	750.2835	142.0742	0.002122375	0.1706137
-116.087100	9.13872E-07	749.7856	142.0845	0.002080148	0.1704133
-115.543400	9.99178E-07	749.288	142.0955	0.002039207	0.1702119
-114.999700	1.09168E-06	748.7908	142.1071	0.001999501	0.1700093
-114.455900	1.19193E-06	748.2939	142.1195	0.001960984	0.1698057
-113.912200	1.3005E-06	747.7974	142.1325	0.001923609	0.1696011
-113.368500	1.41799E-06	747.3011	142.1462	0.001887333	0.1693955
-112.824800	1.54507E-06	746.8053	142.1606	0.001852115	0.1691889
-112.281100	1.68243E-06	746.3097	142.1756	0.001817916	0.1689813
-111.737400	1.8308E-06	745.8144	142.1913	0.001784696	0.1687728
-111.193600	1.99096E-06	745.3195	142.2077	0.001752421	0.1685633
-110.649900	2.16376E-06	744.8248	142.2247	0.001721056	0.1683529
-110.106200	2.35006E-06	744.3305	142.2423	0.001690567	0.1681416
-109.562500	2.55081E-06	743.8364	142.2606	0.001660924	0.1679295
-109.018800	2.767E-06	743.3427	142.2796	0.001632096	0.1677165
-108.475100	2.99966E-06	742.8492	142.2992	0.001604053	0.1675027
-107.931300	3.24992E-06	742.356	142.3195	0.001576769	0.1672880
-107.387600	3.51895E-06	741.8631	142.3404	0.001550217	0.1670726
-106.843900	3.80798E-06	741.3704	142.362	0.001524371	0.1668563
-106.300200	4.11834E-06	740.8781	142.3842	0.001499207	0.1666393
-105.756500	4.4514E-06	740.3859	142.4071	0.001474702	0.1664216
-105.212800	4.80863E-06	739.8941	142.4305	0.001450833	0.1662031
-104.669000	5.19157E-06	739.4025	142.4547	0.001427579	0.1659839
-104.125300	5.60185E-06	738.9111	142.4795	0.001404919	0.1657640
-103.581600	6.04119E-06	738.42	142.5049	0.001382834	0.1655435
-103.037900	6.51138E-06	737.9291	142.5309	0.001361304	0.1653222
-102.494200	7.01434E-06	737.4385	142.5576	0.001340311	0.1651004
-101.950500	7.55206E-06	736.948	142.585	0.001319839	0.1648778
-101.406700	8.12665E-06	736.4578	142.6129	0.001299869	0.1646547
-100.863000	8.74033E-06	735.9679	142.6415	0.001280386	0.1644309
-100.319300	9.39542E-06	735.4781	142.6708	0.001261374	0.1642066
-99.775580	1.00944E-05	734.9886	142.7007	0.001242818	0.1639817
-99.231870	1.08397E-05	734.4992	142.7312	0.001224704	0.1637562
-98.688150	1.16342E-05	734.0101	142.7624	0.001207019	0.1635302
-98.144430	1.24807E-05	733.5212	142.7941	0.001189748	0.1633036
-97.600720	1.3382E-05	733.0324	142.8266	0.001172880	0.1630765
-97.057000	1.43413E-05	732.5439	142.8597	0.001156401	0.1628489
-96.513280	1.53619E-05	732.0555	142.8934	0.001140300	0.1626208
-95.969570	1.64472E-05	731.5673	142.9277	0.001124565	0.1623922
-95.425850	1.76007E-05	731.0793	142.9627	0.001109186	0.1621631
-94.882130	1.88262E-05	730.5915	142.9983	0.001094152	0.1619336
-94.338420	2.01275E-05	730.1038	143.0346	0.001079452	0.1617036
-93.794700	2.15087E-05	729.6164	143.0715	0.001065077	0.1614732
-93.250980	2.29742E-05	729.129	143.1091	0.001051017	0.1612424
-92.707270	2.45283E-05	728.6418	143.1472	0.001037263	0.1610112
-92.163550	2.61757E-05	728.1548	143.1861	0.001023807	0.1607795
-91.619830	2.79212E-05	727.668	143.2255	0.001010639	0.1605475
-91.076120	2.97699E-05	727.1812	143.2657	0.0009977512	0.1603151
-90.532400	3.17271E-05	726.6946	143.3064	0.0009851362	0.1600823
-89.988680	3.37982E-05	726.2082	143.3478	0.0009727860	0.1598491
-89.444970	3.5989E-05	725.7219	143.3899	0.0009606933	0.1596156
-88.901250	3.83055E-05	725.2357	143.4326	0.0009488508	0.1593818
-88.357530	4.07539E-05	724.7496	143.4759	0.0009372516	0.1591476
-87.813820	4.33406E-05	724.2637	143.5199	0.0009258890	0.1589132
-87.270100	4.60724E-05	723.7779	143.5646	0.0009147566	0.1586784
-86.726380	4.89562E-05	723.2922	143.6099	0.0009038482	0.1584433
-86.182670	5.19994E-05	722.8066	143.6558	0.0008931576	0.1582079
-85.638950	5.52094E-05	722.3211	143.7024	0.0008826791	0.1579723
-85.095230	5.85942E-05	721.8357	143.7496	0.0008724069	0.1577363
-84.551520	6.21619E-05	721.3504	143.7975	0.0008623357	0.1575002
-84.007800	6.5921E-05	720.8652	143.8461	0.0008524601	0.1572637
-83.464080	6.98802E-05	720.3801	143.8953	0.0008427750	0.1570271
-82.920370	7.40487E-05	719.8951	143.9452	0.0008332754	0.1567901
-82.376650	7.84359E-05	719.4102	143.9957	0.0008239567	0.1565530
-81.832930	8.30517E-05	718.9253	144.0469	0.0008148140	0.1563157
-81.289220	8.79062E-05	718.4406	144.0987	0.0008058429	0.1560781
-80.745500	9.30098E-05	717.9559	144.1512	0.0007970391	0.1558403
-80.201780	9.83736E-05	717.4712	144.2044	0.0007883982	0.1556024
-79.658070	0.0001040088	716.9867	144.2582	0.0007799163	0.1553642
-79.114350	0.0001099272	716.5022	144.3127	0.0007715894	0.1551259
-78.570630	0.0001161407	716.0177	144.3678	0.0007634135	0.1548874
-78.026920	0.0001226618	715.5333	144.4236	0.0007553850	0.1546488
-77.483200	0.0001295037	715.049	144.4801	0.0007475003	0.1544100
-76.939480	0.0001366795	714.5647	144.5372	0.0007397558	0.1541710
-76.395770	0.0001442031	714.0805	144.595	0.0007321482	0.1539319
-75.852050	0.0001520888	713.5963	144.6535	0.0007246741	0.1536927
-75.308330	0.0001603514	713.1121	144.7127	0.0007173303	0.1534534
-74.764620	0.0001690060	712.6279	144.7725	0.0007101138	0.1532139
-74.220900	0.0001780684	712.1438	144.8329	0.0007030215	0.1529743
-73.677180	0.0001875547	711.6598	144.8941	0.0006960504	0.1527346
-73.133470	0.0001974818	711.1757	144.9559	0.0006891978	0.1524949
-72.589750	0.0002078668	710.6916	145.0184	0.0006824608	0.1522550
-72.046030	0.0002187276	710.2076	145.0816	0.0006758368	0.1520150
-71.502320	0.0002300825	709.7236	145.1454	0.0006693232	0.1517750
-70.958600	0.0002419503	709.2396	145.21	0.0006629174	0.1515349
-70.414880	0.0002543506	708.7556	145.2752	0.0006566169	0.1512947
-69.871170	0.0002673034	708.2716	145.341	0.0006504195	0.1510545
-69.327450	0.0002808292	707.7876	145.4076	0.0006443227	0.1508142
-68.783730	0.0002949495	707.3036	145.4748	0.0006383243	0.1505738
-68.240020	0.0003096859	706.8196	145.5427	0.0006324221	0.1503335
-67.696300	0.0003250611	706.3355	145.6113	0.0006266140	0.1500930
-67.152580	0.0003410980	705.8515	145.6806	0.0006208978	0.1498526
-66.608870	0.0003578206	705.3674	145.7505	0.0006152715	0.1496121
-66.065150	0.0003752533	704.8833	145.8211	0.0006097333	0.1493716
-65.521430	0.0003934211	704.3992	145.8925	0.0006042811	0.1491311
-64.977720	0.0004123500	703.9151	145.9644	0.0005989131	0.1488906
-64.434000	0.0004320663	703.4309	146.0371	0.0005936275	0.1486501
-63.890280	0.0004525974	702.9467	146.1105	0.0005884226	0.1484095
-63.346570	0.0004739712	702.4625	146.1845	0.0005832965	0.1481690
-62.802850	0.0004962165	701.9782	146.2592	0.0005782477	0.1479285
-62.259130	0.0005193625	701.4938	146.3346	0.0005732744	0.1476880
-61.715420	0.0005434397	701.0094	146.4107	0.0005683752	0.1474476
-61.171700	0.0005684789	700.525	146.4875	0.0005635484	0.1472071
-60.627980	0.0005945119	700.0405	146.565	0.0005587927	0.1469667
-60.084270	0.0006215714	699.5559	146.6431	0.0005541064	0.1467263
-59.540550	0.0006496906	699.0713	146.722	0.0005494881	0.1464860
-58.996830	0.0006789040	698.5866	146.8015	0.0005449366	0.1462457
-58.453120	0.0007092464	698.1019	146.8817	0.0005404503	0.1460054
-57.909400	0.0007407538	697.617	146.9626	0.0005360281	0.1457652
-57.365680	0.0007734631	697.1321	147.0442	0.0005316685	0.1455251
-56.821970	0.0008074118	696.6471	147.1264	0.0005273704	0.1452850
-56.278250	0.0008426384	696.1621	147.2094	0.0005231325	0.1450450
-55.734530	0.0008791826	695.6769	147.293	0.0005189536	0.1448051
-55.190820	0.0009170845	695.1917	147.3774	0.0005148326	0.1445652
-54.647100	0.0009563855	694.7063	147.4624	0.0005107682	0.1443254
-54.103380	0.0009971279	694.2209	147.5481	0.0005067595	0.1440857
-53.559670	0.001039355	693.7354	147.6345	0.0005028053	0.1438461
-53.015950	0.001083110	693.2497	147.7216	0.0004989046	0.1436065
-52.472230	0.001128440	692.764	147.8094	0.0004950563	0.1433671
-51.928520	0.001175389	692.2781	147.8978	0.0004912594	0.1431277
-51.384800	0.001224005	691.7922	147.987	0.0004875130	0.1428885
-50.841080	0.001274336	691.3061	148.0768	0.0004838160	0.1426494
-50.297370	0.001326431	690.8199	148.1673	0.0004801676	0.1424103
-49.753650	0.001380341	690.3335	148.2586	0.0004765668	0.1421714
-49.209930	0.001436117	689.8471	148.3505	0.0004730127	0.1419326
-48.666220	0.001493810	689.3605	148.443	0.0004695046	0.1416939
-48.122500	0.001553475	688.8738	148.5363	0.0004660414	0.1414553
-47.578780	0.001615166	688.387	148.6303	0.0004626224	0.1412169
-47.035070	0.001678937	687.9	148.7249	0.0004592467	0.1409786
-46.491350	0.001744847	687.4128	148.8203	0.0004559137	0.1407404
-45.947630	0.001812953	686.9256	148.9163	0.0004526224	0.1405023
-45.403920	0.001883313	686.4381	149.013	0.0004493722	0.1402644
-44.860200	0.001955987	685.9506	149.1104	0.0004461622	0.1400267
-44.316480	0.002031038	685.4628	149.2085	0.0004429919	0.1397890
-43.772770	0.002108527	684.9749	149.3072	0.0004398604	0.1395515
-43.229050	0.002188517	684.4869	149.4067	0.0004367670	0.1393142
-42.685330	0.002271074	683.9987	149.5068	0.0004337112	0.1390770
-42.141620	0.002356263	683.5103	149.6076	0.0004306921	0.1388400
-41.597900	0.002444151	683.0217	149.7091	0.0004277093	0.1386031
-41.054180	0.002534807	682.533	149.8113	0.0004247620	0.1383664
-40.510470	0.002628301	682.0441	149.9142	0.0004218496	0.1381299
-39.966750	0.002724702	681.555	150.0177	0.0004189716	0.1378935
-39.423030	0.002824084	681.0657	150.122	0.0004161273	0.1376573
-38.879320	0.002926519	680.5762	150.2269	0.0004133161	0.1374213
-38.335600	0.003032082	680.0866	150.3325	0.0004105375	0.1371854
-37.791880	0.003140849	679.5967	150.4387	0.0004077910	0.1369497
-37.248170	0.003252896	679.1067	150.5457	0.0004050759	0.1367142
-36.704450	0.003368303	678.6164	150.6533	0.0004023918	0.1364789
-36.160730	0.003487149	678.126	150.7616	0.0003997381	0.1362437
-35.617020	0.003609515	677.6353	150.8706	0.0003971143	0.1360088
-35.073300	0.003735483	677.1444	150.9803	0.0003945199	0.1357740
-34.529580	0.003865137	676.6533	151.0906	0.0003919545	0.1355394
-33.985870	0.003998562	676.162	151.2016	0.0003894175	0.1353050
-33.442150	0.004135845	675.6705	151.3133	0.0003869085	0.1350708
-32.898430	0.004277073	675.1787	151.4257	0.0003844271	0.1348368
-32.354720	0.004422335	674.6867	151.5387	0.0003819727	0.1346030
-31.811000	0.004571721	674.1945	151.6524	0.0003795450	0.1343694
-31.267280	0.004725325	673.7021	151.7668	0.0003771434	0.1341360
-30.723570	0.004883237	673.2094	151.8818	0.0003747677	0.1339029
-30.179850	0.005045554	672.7164	151.9975	0.0003724173	0.1336699
-29.636130	0.005212372	672.2232	152.1139	0.0003700918	0.1334371
-29.092420	0.005383787	671.7298	152.231	0.0003677910	0.1332045
-28.548700	0.005559898	671.2361	152.3487	0.0003655143	0.1329722
-28.004980	0.005740807	670.7422	152.4671	0.0003632614	0.1327401
-27.461270	0.005926614	670.248	152.5861	0.0003610320	0.1325082
-26.917550	0.006117422	669.7536	152.7058	0.0003588256	0.1322765
-26.373830	0.006313337	669.2588	152.8262	0.0003566418	0.1320450
-25.830120	0.006514463	668.7638	152.9472	0.0003544805	0.1318137
-25.286400	0.006720910	668.2686	153.0689	0.0003523411	0.1315827
-24.742680	0.006932784	667.773	153.1913	0.0003502234	0.1313519
-24.198970	0.007150198	667.2772	153.3143	0.0003481270	0.1311213
-23.655250	0.007373262	666.7811	153.438	0.0003460516	0.1308910
-23.111530	0.007602091	666.2847	153.5624	0.0003439969	0.1306609
-22.567820	0.007836798	665.788	153.6873	0.0003419626	0.1304310
-22.024100	0.008077500	665.2911	153.813	0.0003399483	0.1302013
-21.480380	0.008324316	664.7938	153.9393	0.0003379538	0.1299719
-20.936670	0.008577363	664.2962	154.0663	0.0003359787	0.1297427
-20.392950	0.008836763	663.7984	154.1939	0.0003340229	0.1295138
-19.849230	0.009102639	663.3002	154.3221	0.0003320859	0.1292851
-19.305520	0.009375113	662.8017	154.4511	0.0003301675	0.1290567
-18.761800	0.009654311	662.3029	154.5806	0.0003282674	0.1288284
-18.218080	0.009940361	661.8038	154.7108	0.0003263854	0.1286005
-17.674370	0.01023339	661.3044	154.8417	0.0003245213	0.1283727
-17.130650	0.01053353	660.8046	154.9732	0.0003226746	0.1281453
-16.586930	0.01084091	660.3045	155.1054	0.0003208453	0.1279180
-16.043220	0.01115566	659.8041	155.2382	0.0003190330	0.1276911
-15.499500	0.01147792	659.3033	155.3716	0.0003172374	0.1274643
-14.955780	0.01180782	658.8022	155.5057	0.0003154585	0.1272378
-14.412070	0.01214550	658.3008	155.6404	0.0003136958	0.1270116
-13.868350	0.01249110	657.799	155.7758	0.0003119493	0.1267856
-13.324630	0.01284477	657.2968	155.9118	0.0003102185	0.1265599
-12.780920	0.01320663	656.7944	156.0485	0.0003085035	0.1263345
-12.237200	0.01357685	656.2915	156.1858	0.0003068038	0.1261093
-11.693480	0.01395555	655.7883	156.3237	0.0003051193	0.1258843
-11.149770	0.01434289	655.2847	156.4622	0.0003034498	0.1256596
-10.606050	0.01473902	654.7808	156.6014	0.0003017951	0.1254352
-10.062330	0.01514408	654.2765	156.7412	0.0003001550	0.1252110
-9.518617	0.01555823	653.7718	156.8817	0.0002985292	0.1249871
-8.974900	0.01598162	653.2667	157.0228	0.0002969176	0.1247635
-8.431183	0.01641441	652.7613	157.1645	0.0002953199	0.1245401
-7.887467	0.01685674	652.2554	157.3068	0.0002937361	0.1243170
-7.343750	0.01730878	651.7492	157.4498	0.0002921659	0.1240942
-6.800033	0.01777069	651.2426	157.5934	0.0002906090	0.1238716
-6.256317	0.01824263	650.7356	157.7376	0.0002890654	0.1236493
-5.712600	0.01872475	650.2281	157.8825	0.0002875349	0.1234273
-5.168883	0.01921723	649.7203	158.028	0.0002860172	0.1232055
-4.625167	0.01972022	649.2121	158.1741	0.0002845123	0.1229840
-4.081450	0.02023390	648.7034	158.3208	0.0002830199	0.1227628
-3.537733	0.02075844	648.1944	158.4681	0.0002815399	0.1225419
-2.994017	0.02129399	647.6849	158.6161	0.0002800720	0.1223212
-2.450300	0.02184074	647.175	158.7646	0.0002786163	0.1221008
-1.906583	0.02239886	646.6646	158.9138	0.0002771724	0.1218807
-1.362867	0.02296851	646.1538	159.0636	0.0002757402	0.1216608
-0.8191500	0.02354989	645.6426	159.2141	0.0002743197	0.1214412
-0.2754333	0.02414316	645.131	159.3651	0.0002729105	0.1212220
0.2682833	0.02474850	644.6189	159.5168	0.0002715127	0.1210029
0.8120000	0.02536609	644.1063	159.669	0.0002701260	0.1207842
1.355717	0.02599612	643.5933	159.8219	0.0002687503	0.1205657
1.899433	0.02663877	643.0799	159.9754	0.0002673854	0.1203476
2.443150	0.02729423	642.566	160.1295	0.0002660313	0.1201297
2.986867	0.02796267	642.0516	160.2842	0.0002646877	0.1199120
3.530583	0.02864430	641.5367	160.4395	0.0002633546	0.1196947
4.074300	0.02933929	641.0214	160.5954	0.0002620318	0.1194776
4.618017	0.03004784	640.5056	160.752	0.0002607192	0.1192609
5.161733	0.03077015	639.9893	160.9091	0.0002594167	0.1190444
5.705450	0.03150640	639.4726	161.0668	0.0002581241	0.1188282
6.249167	0.03225679	638.9553	161.2252	0.0002568412	0.1186123
6.792883	0.03302152	638.4376	161.3841	0.0002555681	0.1183966
7.336600	0.03380078	637.9193	161.5437	0.0002543046	0.1181813
7.880317	0.03459479	637.4006	161.7038	0.0002530505	0.1179662
8.424033	0.03540373	636.8813	161.8646	0.0002518057	0.1177514
8.967750	0.03622781	636.3615	162.0259	0.0002505702	0.1175369
9.511467	0.03706724	635.8413	162.1879	0.0002493437	0.1173227
10.055180	0.03792222	635.3205	162.3504	0.0002481263	0.1171088
10.598900	0.03879296	634.7991	162.5136	0.0002469177	0.1168952
11.142620	0.03967967	634.2773	162.6773	0.0002457179	0.1166818
11.686330	0.04058255	633.7549	162.8416	0.0002445268	0.1164688
12.230050	0.04150183	633.232	163.0066	0.0002433443	0.1162560
12.773770	0.04243770	632.7085	163.1721	0.0002421703	0.1160435
13.317480	0.04339040	632.1845	163.3382	0.0002410046	0.1158313
13.861200	0.04436012	631.6599	163.5049	0.0002398471	0.1156195
14.404920	0.04534710	631.1348	163.6722	0.0002386979	0.1154078
14.948630	0.04635155	630.6091	163.8401	0.0002375567	0.1151965
15.492350	0.04737368	630.0829	164.0086	0.0002364235	0.1149855
16.036070	0.04841373	629.5561	164.1777	0.0002352982	0.1147748
16.579780	0.04947191	629.0287	164.3474	0.0002341806	0.1145643
17.123500	0.05054845	628.5007	164.5177	0.0002330708	0.1143542
17.667220	0.05164357	627.9722	164.6885	0.0002319686	0.1141443
18.210930	0.05275751	627.4431	164.86	0.0002308739	0.1139347
18.754650	0.05389048	626.9134	165.032	0.0002297866	0.1137255
19.298370	0.05504272	626.383	165.2047	0.0002287067	0.1135165
19.842080	0.05621447	625.8521	165.3779	0.0002276341	0.1133078
20.385800	0.05740595	625.3206	165.5517	0.0002265686	0.1130994
20.929520	0.05861740	624.7884	165.7261	0.0002255103	0.1128913
21.473230	0.05984905	624.2557	165.9011	0.0002244589	0.1126835
22.016950	0.06110114	623.7223	166.0767	0.0002234146	0.1124759
22.560670	0.06237390	623.1883	166.2528	0.0002223770	0.1122687
23.104380	0.06366759	622.6537	166.4296	0.0002213463	0.1120618
23.648100	0.06498243	622.1184	166.6069	0.0002203223	0.1118551
24.191820	0.06631868	621.5825	166.7848	0.0002193049	0.1116488
24.735530	0.06767657	621.0459	166.9634	0.0002182940	0.1114427
25.279250	0.06905634	620.5087	167.1425	0.0002172897	0.1112370
25.822970	0.07045825	619.9709	167.3222	0.0002162918	0.1110315
26.366680	0.07188254	619.4323	167.5024	0.0002153002	0.1108263
26.910400	0.07332946	618.8931	167.6833	0.0002143149	0.1106215
27.454120	0.07479926	618.3533	167.8648	0.0002133357	0.1104169
27.997830	0.07629219	617.8127	168.0468	0.0002123628	0.1102126
28.541550	0.07780851	617.2715	168.2294	0.0002113959	0.1100086
29.085270	0.07934846	616.7296	168.4127	0.0002104350	0.1098049
29.628980	0.08091230	616.187	168.5965	0.0002094800	0.1096015
30.172700	0.08250029	615.6437	168.7809	0.0002085309	0.1093984
30.716420	0.08411269	615.0997	168.9659	0.0002075877	0.1091955
31.260130	0.08574975	614.5549	169.1515	0.0002066501	0.1089930
31.803850	0.08741173	614.0095	169.3376	0.0002057183	0.1087908
32.347570	0.08909890	613.4633	169.5244	0.0002047921	0.1085888
32.891280	0.09081151	612.9165	169.7118	0.0002038714	0.1083872
33.435000	0.09254984	612.3688	169.8997	0.0002029563	0.1081858
33.978720	0.09431414	611.8205	170.0883	0.0002020466	0.1079848
34.522430	0.09610468	611.2714	170.2774	0.0002011423	0.1077840
35.066150	0.09792172	610.7215	170.4671	0.0002002433	0.1075835
35.609870	0.09976555	610.1709	170.6575	0.0001993496	0.1073833
36.153580	0.1016364	609.6196	170.8484	0.0001984611	0.1071835
36.697300	0.1035346	609.0674	171.0399	0.0001975778	0.1069839
37.241020	0.1054604	608.5145	171.232	0.0001966996	0.1067846
37.784730	0.1074140	607.9609	171.4247	0.0001958264	0.1065855
38.328450	0.1093958	607.4064	171.6181	0.0001949583	0.1063868
38.872170	0.1114060	606.8511	171.812	0.0001940951	0.1061884
39.415880	0.1134448	606.2951	172.0065	0.0001932368	0.1059903
39.959600	0.1155127	605.7382	172.2016	0.0001923834	0.1057924
40.503320	0.1176097	605.1805	172.3974	0.0001915347	0.1055949
41.047030	0.1197363	604.6221	172.5937	0.0001906908	0.1053976
41.590750	0.1218927	604.0627	172.7907	0.0001898516	0.1052006
42.134470	0.1240792	603.5026	172.9882	0.0001890171	0.1050040
42.678180	0.1262961	602.9416	173.1864	0.0001881872	0.1048076
43.221900	0.1285436	602.3798	173.3851	0.0001873618	0.1046115
43.765620	0.1308220	601.8172	173.5845	0.0001865410	0.1044157
44.309330	0.1331317	601.2536	173.7845	0.0001857246	0.1042202
44.853050	0.1354729	600.6893	173.9852	0.0001849126	0.1040249
45.396770	0.1378459	600.124	174.1864	0.0001841050	0.1038300
45.940480	0.1402509	599.5579	174.3883	0.0001833018	0.1036353
46.484200	0.1426884	598.9909	174.5907	0.0001825028	0.1034410
47.027920	0.1451585	598.423	174.7939	0.0001817081	0.1032469
47.571630	0.1476616	597.8542	174.9976	0.0001809176	0.1030531
48.115350	0.1501979	597.2845	175.2019	0.0001801312	0.1028596
48.659070	0.1527678	596.7139	175.4069	0.0001793490	0.1026664
49.202780	0.1553716	596.1424	175.6126	0.0001785709	0.1024735
49.746500	0.1580095	595.5699	175.8188	0.0001777968	0.1022809
50.290220	0.1606818	594.9966	176.0257	0.0001770266	0.1020885
50.833930	0.1633889	594.4223	176.2333	0.0001762605	0.1018965
51.377650	0.1661310	593.847	176.4414	0.0001754983	0.1017047
51.921370	0.1689085	593.2708	176.6503	0.0001747399	0.1015132
52.465080	0.1717216	592.6936	176.8597	0.0001739854	0.1013220
53.008800	0.1745706	592.1155	177.0699	0.0001732347	0.1011311
53.552520	0.1774559	591.5364	177.2806	0.0001724878	0.1009405
54.096230	0.1803778	590.9563	177.4921	0.0001717446	0.1007501
54.639950	0.1833365	590.3752	177.7041	0.0001710051	0.1005600
55.183670	0.1863324	589.7931	177.9169	0.0001702693	0.1003703
55.727380	0.1893658	589.21	178.1303	0.0001695370	0.1001808
56.271100	0.1924369	588.6259	178.3444	0.0001688084	0.09999155
56.814820	0.1955462	588.0407	178.5592	0.0001680833	0.09980261
57.358530	0.1986938	587.4546	178.7746	0.0001673618	0.09961396
57.902250	0.2018802	586.8674	178.9907	0.0001666437	0.09942559
58.445970	0.2051056	586.2791	179.2075	0.0001659291	0.09923749
58.989680	0.2083704	585.6898	179.425	0.0001652179	0.09904968
59.533400	0.2116748	585.0994	179.6432	0.0001645101	0.09886215
60.077120	0.2150192	584.508	179.862	0.0001638056	0.09867490
60.620830	0.2184039	583.9155	180.0816	0.0001631045	0.09848792
61.164550	0.2218291	583.3218	180.3019	0.0001624066	0.09830123
61.708270	0.2252953	582.7271	180.5228	0.0001617121	0.09811481
62.251980	0.2288028	582.1313	180.7445	0.0001610207	0.09792866
62.795700	0.2323518	581.5343	180.9669	0.0001603325	0.09774280
63.339420	0.2359427	580.9363	181.19	0.0001596475	0.09755721
63.883130	0.2395758	580.3371	181.4139	0.0001589657	0.09737190
64.426850	0.2432515	579.7367	181.6384	0.0001582869	0.09718686
64.970570	0.2469699	579.1352	181.8637	0.0001576112	0.09700209
65.514280	0.2507316	578.5325	182.0898	0.0001569386	0.09681760
66.058000	0.2545368	577.9287	182.3166	0.0001562690	0.09663339
66.601720	0.2583858	577.3237	182.5441	0.0001556024	0.09644944
67.145430	0.2622789	576.7175	182.7724	0.0001549387	0.09626577
67.689150	0.2662166	576.11	183.0015	0.0001542780	0.09608237
68.232870	0.2701990	575.5014	183.2313	0.0001536202	0.09589924
68.776580	0.2742267	574.8916	183.4619	0.0001529652	0.09571639
69.320300	0.2782997	574.2805	183.6932	0.0001523131	0.09553380
69.864020	0.2824186	573.6682	183.9254	0.0001516639	0.09535148
70.407730	0.2865836	573.0546	184.1583	0.0001510174	0.09516943
70.951450	0.2907951	572.4397	184.3921	0.0001503737	0.09498764
71.495170	0.2950534	571.8236	184.6266	0.0001497328	0.09480613
72.038880	0.2993589	571.2062	184.862	0.0001490946	0.09462488
72.582600	0.3037118	570.5875	185.0981	0.0001484590	0.09444389
73.126320	0.3081125	569.9675	185.3351	0.0001478262	0.09426317
73.670030	0.3125614	569.3462	185.5729	0.0001471960	0.09408272
74.213750	0.3170588	568.7236	185.8116	0.0001465684	0.09390253
74.757470	0.3216050	568.0996	186.0511	0.0001459434	0.09372260
75.301180	0.3262004	567.4743	186.2915	0.0001453210	0.09354294
75.844900	0.3308453	566.8476	186.5327	0.0001447011	0.09336354
76.388620	0.3355401	566.2195	186.7748	0.0001440837	0.09318440
76.932330	0.3402850	565.5901	187.0177	0.0001434689	0.09300552
77.476050	0.3450805	564.9592	187.2616	0.0001428565	0.09282689
78.019770	0.3499269	564.3269	187.5063	0.0001422466	0.09264853
78.563480	0.3548245	563.6933	187.7519	0.0001416391	0.09247043
79.107200	0.3597737	563.0581	187.9985	0.0001410340	0.09229258
79.650920	0.3647748	562.4216	188.2459	0.0001404314	0.09211499
80.194630	0.3698282	561.7836	188.4943	0.0001398310	0.09193765
80.738350	0.3749342	561.1441	188.7437	0.0001392330	0.09176057
81.282070	0.3800932	560.5031	188.9939	0.0001386374	0.09158375
81.825780	0.3853055	559.8606	189.2452	0.0001380440	0.09140718
82.369500	0.3905715	559.2166	189.4974	0.0001374529	0.09123086
82.913220	0.3958915	558.5711	189.7506	0.0001368641	0.09105479
83.456930	0.4012659	557.9241	190.0047	0.0001362775	0.09087897
84.000650	0.4066950	557.2755	190.2599	0.0001356931	0.09070340
84.544370	0.4121793	556.6253	190.5161	0.0001351109	0.09052808
85.088080	0.4177189	555.9736	190.7733	0.0001345309	0.09035301
85.631800	0.4233144	555.3202	191.0315	0.0001339530	0.09017819
86.175520	0.4289661	554.6653	191.2908	0.0001333773	0.09000361
86.719230	0.4346742	554.0087	191.5511	0.0001328037	0.08982928
87.262950	0.4404393	553.3505	191.8125	0.0001322321	0.08965520
87.806670	0.4462616	552.6907	192.075	0.0001316627	0.08948135
88.350380	0.4521415	552.0292	192.3386	0.0001310953	0.08930776
88.894100	0.4580793	551.3659	192.6033	0.0001305299	0.08913440
89.437820	0.4640755	550.701	192.8691	0.0001299665	0.08896128
89.981530	0.4701304	550.0344	193.136	0.0001294052	0.08878840
90.525250	0.4762444	549.3661	193.4041	0.0001288458	0.08861577
91.068970	0.4824178	548.696	193.6733	0.0001282884	0.08844337
91.612680	0.4886509	548.0241	193.9438	0.0001277329	0.08827120
92.156400	0.4949443	547.3505	194.2154	0.0001271793	0.08809928
92.700120	0.5012982	546.6751	194.4882	0.0001266276	0.08792759
93.243830	0.5077129	545.9978	194.7623	0.0001260778	0.08775613
93.787550	0.5141890	545.3188	195.0376	0.0001255299	0.08758490
94.331270	0.5207267	544.6379	195.3141	0.0001249838	0.08741391
94.874980	0.5273264	543.9551	195.5919	0.0001244396	0.08724315
95.418700	0.5339885	543.2704	195.871	0.0001238972	0.08707262
95.962420	0.5407133	542.5839	196.1514	0.0001233565	0.08690231
96.506130	0.5475013	541.8954	196.4332	0.0001228177	0.08673223
97.049850	0.5543528	541.205	196.7163	0.0001222806	0.08656238
97.593570	0.5612683	540.5126	197.0007	0.0001217452	0.08639276
98.137280	0.5682480	539.8182	197.2865	0.0001212116	0.08622336
98.681000	0.5752923	539.1219	197.5737	0.0001206796	0.08605418
99.224720	0.5824017	538.4235	197.8624	0.0001201494	0.08588522
99.768430	0.5895765	537.7231	198.1525	0.0001196208	0.08571649
100.312200	0.5968171	537.0207	198.444	0.0001190939	0.08554797
100.855900	0.6041239	536.3162	198.737	0.0001185687	0.08537967
101.399600	0.6114973	535.6096	199.0316	0.0001180450	0.08521159
101.943300	0.6189376	534.9008	199.3276	0.0001175230	0.08504373
102.487000	0.6264453	534.19	199.6253	0.0001170026	0.08487607
103.030700	0.6340207	533.4769	199.9244	0.0001164837	0.08470864
103.574500	0.6416642	532.7617	200.2252	0.0001159664	0.08454141
104.118200	0.6493762	532.0443	200.5276	0.0001154506	0.08437439
104.661900	0.6571572	531.3246	200.8317	0.0001149364	0.08420759
105.205600	0.6650074	530.6027	201.1374	0.0001144237	0.08404099
105.749300	0.6729274	529.8786	201.4449	0.0001139125	0.08387459
106.293000	0.6809174	529.1521	201.754	0.0001134027	0.08370841
106.836800	0.6889779	528.4233	202.065	0.0001128945	0.08354242
107.380500	0.6971093	527.6922	202.3777	0.0001123876	0.08337664
107.924200	0.7053120	526.9587	202.6922	0.0001118822	0.08321106
108.467900	0.7135864	526.2228	203.0085	0.0001113783	0.08304568
109.011600	0.7219328	525.4845	203.3268	0.0001108757	0.08288049
109.555300	0.7303518	524.7437	203.6469	0.0001103745	0.08271551
110.099100	0.7388436	524.0004	203.969	0.0001098747	0.08255071
110.642800	0.7474087	523.2547	204.2931	0.0001093762	0.08238611
111.186500	0.7560475	522.5064	204.6191	0.0001088791	0.08222170
111.730200	0.7647605	521.7556	204.9472	0.0001083834	0.08205749
112.273900	0.7735479	521.0022	205.2774	0.0001078889	0.08189346
112.817600	0.7824103	520.2461	205.6097	0.0001073957	0.08172962
113.361400	0.7913481	519.4875	205.9441	0.0001069038	0.08156596
113.905100	0.8003616	518.7261	206.2807	0.0001064132	0.08140248
114.448800	0.8094512	517.9621	206.6195	0.0001059239	0.08123919
114.992500	0.8186175	517.1953	206.9607	0.0001054357	0.08107608
115.536200	0.8278608	516.4258	207.3041	0.0001049488	0.08091315
116.079900	0.8371814	515.6534	207.6499	0.0001044631	0.08075039
116.623700	0.8465800	514.8783	207.998	0.0001039786	0.08058781
117.167400	0.8560568	514.1003	208.3486	0.0001034953	0.08042540
117.711100	0.8656123	513.3194	208.7017	0.0001030132	0.08026317
118.254800	0.8752469	512.5355	209.0574	0.0001025322	0.08010110
118.798500	0.8849611	511.7487	209.4156	0.0001020523	0.07993920
119.342200	0.8947552	510.9589	209.7764	0.0001015736	0.07977746
119.886000	0.9046297	510.1661	210.1399	0.0001010959	0.07961589
120.429700	0.9145851	509.3702	210.5062	0.0001006194	0.07945448
120.973400	0.9246218	508.5712	210.8753	0.0001001439	0.07929323
121.517100	0.9347401	507.7691	211.2472	9.9669530E-05	0.07913214
122.060800	0.9449406	506.9638	211.622	9.9196190E-05	0.07897120
122.604500	0.9552237	506.1553	211.9997	9.8723880E-05	0.07881042
123.148300	0.9655898	505.3435	212.3805	9.8252590E-05	0.07864979
123.692000	0.9760394	504.5284	212.7644	9.7782310E-05	0.07848930
124.235700	0.9865728	503.7099	213.1514	9.7313020E-05	0.07832896
124.779400	0.9971907	502.8881	213.5417	9.6844720E-05	0.07816877
125.323100	1.007893	502.0629	213.9352	9.6377370E-05	0.07800872
125.866800	1.018681	501.2342	214.3321	9.5910970E-05	0.07784881
126.410600	1.029555	500.402	214.7324	9.5445510E-05	0.07768904
126.954300	1.040515	499.5662	215.1363	9.4980970E-05	0.07752940
127.498000	1.051561	498.7268	215.5436	9.4517340E-05	0.07736989
128.041700	1.062694	497.8838	215.9547	9.4054600E-05	0.07721051
128.585400	1.073915	497.0371	216.3695	9.3592730E-05	0.07705126
129.129100	1.085224	496.1866	216.7881	9.3131730E-05	0.07689214
129.672900	1.096622	495.3323	217.2106	9.2671570E-05	0.07673314
130.216600	1.108108	494.4742	217.6372	9.2212250E-05	0.07657425
130.760300	1.119684	493.6122	218.0678	9.1753750E-05	0.07641549
131.304000	1.13135	492.7462	218.5026	9.1296050E-05	0.07625683
131.847700	1.143106	491.8763	218.9417	9.0839140E-05	0.07609829
132.391400	1.154953	491.0022	219.3852	9.0383000E-05	0.07593986
132.935200	1.166891	490.1241	219.8332	8.9927620E-05	0.07578153
133.478900	1.178921	489.2417	220.2857	8.9472990E-05	0.07562330
134.022600	1.191043	488.3552	220.743	8.9019080E-05	0.07546517
134.566300	1.203258	487.4643	221.2052	8.8565890E-05	0.07530714
135.110000	1.215566	486.5691	221.6722	8.8113400E-05	0.07514920
135.653700	1.227968	485.6695	222.1444	8.7661590E-05	0.07499135
136.197500	1.240464	484.7654	222.6217	8.7210450E-05	0.07483358
136.741200	1.253055	483.8567	223.1044	8.6759960E-05	0.07467590
137.284900	1.265741	482.9435	223.5926	8.6310110E-05	0.07451829
137.828600	1.278523	482.0255	224.0863	8.5860880E-05	0.07436077
138.372300	1.291402	481.1028	224.5859	8.5412260E-05	0.07420331
138.916000	1.304377	480.1753	225.0913	8.4964220E-05	0.07404592
139.459800	1.317449	479.2429	225.6028	8.4516750E-05	0.07388859
140.003500	1.330619	478.3055	226.1206	8.4069850E-05	0.07373132
140.547200	1.343887	477.3631	226.6448	8.3623480E-05	0.07357411
141.090900	1.357254	476.4155	227.1755	8.3177640E-05	0.07341695
141.634600	1.370721	475.4627	227.7131	8.2732300E-05	0.07325984
142.178300	1.384287	474.5047	228.2576	8.2287450E-05	0.07310277
142.722100	1.397954	473.5412	228.8092	8.1843080E-05	0.07294574
143.265800	1.411722	472.5723	229.3682	8.1399160E-05	0.07278875
143.809500	1.425591	471.5979	229.9348	8.0955680E-05	0.07263178
144.353200	1.439562	470.6178	230.5093	8.0512620E-05	0.07247484
144.896900	1.453636	469.632	231.0917	8.0069960E-05	0.07231792
145.440600	1.467813	468.6403	231.6824	7.9627680E-05	0.07216101
145.984400	1.482094	467.6427	232.2817	7.9185770E-05	0.07200411
146.528100	1.496479	466.6391	232.8898	7.8744210E-05	0.07184722
147.071800	1.510969	465.6294	233.5069	7.8302980E-05	0.07169032
147.615500	1.525564	464.6134	234.1334	7.7862050E-05	0.07153342
148.159200	1.540266	463.5911	234.7696	7.7421420E-05	0.07137651
148.702900	1.555074	462.5623	235.4157	7.6981050E-05	0.07121957
149.246700	1.569989	461.5269	236.0722	7.6540930E-05	0.07106261
149.790400	1.585011	460.4849	236.7392	7.6101040E-05	0.07090562
150.334100	1.600142	459.436	237.4173	7.5661360E-05	0.07074860
150.877800	1.615382	458.3802	238.1067	7.5221860E-05	0.07059152
151.421500	1.630732	457.3172	238.8079	7.4782530E-05	0.07043440
151.965200	1.646192	456.2471	239.5213	7.4343340E-05	0.07027721
152.509000	1.661762	455.1697	240.2473	7.3904260E-05	0.07011996
153.052700	1.677444	454.0847	240.9863	7.3465290E-05	0.06996264
153.596400	1.693238	452.9922	241.7389	7.3026390E-05	0.06980523
154.140100	1.709144	451.8918	242.5054	7.2587530E-05	0.06964774
154.683800	1.725164	450.7835	243.2866	7.2148700E-05	0.06949014
155.227500	1.741298	449.6671	244.0828	7.1709870E-05	0.06933244
155.771300	1.757546	448.5424	244.8947	7.1271010E-05	0.06917463
156.315000	1.77391	447.4093	245.7228	7.0832100E-05	0.06901668
156.858700	1.790389	446.2676	246.5679	7.0393110E-05	0.06885860
157.402400	1.806985	445.117	247.4306	6.9954010E-05	0.06870038
157.946100	1.823699	443.9575	248.3117	6.9514760E-05	0.06854199
158.489800	1.84053	442.7888	249.2118	6.9075360E-05	0.06838345
159.033600	1.85748	441.6107	250.1318	6.8635750E-05	0.06822472
159.577300	1.874549	440.423	251.0725	6.8195910E-05	0.06806580
160.121000	1.891739	439.2254	252.0348	6.7755820E-05	0.06790668
160.664700	1.909049	438.0179	253.0197	6.7315420E-05	0.06774734
161.208400	1.92648	436.8	254.0282	6.6874700E-05	0.06758778
161.752100	1.944034	435.5716	255.0613	6.6433610E-05	0.06742797
162.295900	1.961711	434.3324	256.1202	6.5992120E-05	0.06726790
162.839600	1.979512	433.0822	257.2061	6.5550190E-05	0.06710756
163.383300	1.997437	431.8206	258.3203	6.5107780E-05	0.06694693
163.927000	2.015488	430.5474	259.4642	6.4664850E-05	0.06678599
164.470700	2.033665	429.2623	260.6392	6.4221360E-05	0.06662474
165.014400	2.051968	427.9649	261.847	6.3777260E-05	0.06646313
165.558200	2.070399	426.655	263.0891	6.3332500E-05	0.06630117
166.101900	2.088959	425.3322	264.3674	6.2887040E-05	0.06613883
166.645600	2.107648	423.9962	265.6839	6.2440830E-05	0.06597609
167.189300	2.126468	422.6465	267.0405	6.1993820E-05	0.06581292
167.733000	2.145418	421.2828	268.4396	6.1545940E-05	0.06564930
168.276700	2.164501	419.9046	269.8836	6.1097150E-05	0.06548521
168.820500	2.183716	418.5116	271.375	6.0647390E-05	0.06532062
169.364200	2.203065	417.1033	272.9167	6.0196580E-05	0.06515550
169.907900	2.222549	415.6792	274.5116	5.9744670E-05	0.06498982
170.451600	2.242169	414.2387	276.1631	5.9291590E-05	0.06482356
170.995300	2.261925	412.7815	277.8748	5.8837260E-05	0.06465668
171.539000	2.281818	411.3068	279.6505	5.8381600E-05	0.06448914
172.082800	2.30185	409.8142	281.4945	5.7924540E-05	0.06432091
172.626500	2.322022	408.3029	283.4114	5.7465980E-05	0.06415195
173.170200	2.342334	406.7724	285.4062	5.7005850E-05	0.06398221
173.713900	2.362788	405.2219	287.4845	5.6544030E-05	0.06381165
174.257600	2.383384	403.6507	289.6524	5.6080430E-05	0.06364023
174.801300	2.404125	402.0579	291.9166	5.5614930E-05	0.06346789
175.345100	2.42501	400.4428	294.2844	5.5147430E-05	0.06329457
175.888800	2.446041	398.8045	296.7642	5.4677800E-05	0.06312022
176.432500	2.46722	397.1418	299.3649	5.4205890E-05	0.06294478
176.976200	2.488546	395.4539	302.0966	5.3731580E-05	0.06276817
177.519900	2.510023	393.7396	304.9708	5.3254710E-05	0.06259032
178.063600	2.531651	391.9977	307.9999	5.2775100E-05	0.06241115
178.607400	2.55343	390.2269	311.1983	5.2292590E-05	0.06223058
179.151100	2.575364	388.4257	314.5818	5.1806980E-05	0.06204850
179.694800	2.597452	386.5928	318.1687	5.1318060E-05	0.06186482
180.238500	2.619697	384.7264	321.9794	5.0825600E-05	0.06167943
180.782200	2.642099	382.8247	326.0373	5.0329360E-05	0.06149220
181.325900	2.664661	380.8857	330.3695	4.9829050E-05	0.06130299
181.869700	2.687384	378.9074	335.0068	4.9324390E-05	0.06111166
182.413400	2.710269	376.8872	339.9849	4.8815050E-05	0.06091804
182.957100	2.733318	374.8227	345.3456	4.8300660E-05	0.06072196
183.500800	2.756533	372.7108	351.1376	4.7780830E-05	0.06052320
184.044500	2.779916	370.5484	357.4184	4.7255090E-05	0.06032154
184.588200	2.803469	368.3318	364.256	4.6722960E-05	0.06011672
185.132000	2.827193	366.0569	371.7321	4.6183860E-05	0.05990846
185.675700	2.851091	363.7192	379.9447	4.5637160E-05	0.05969643
186.219400	2.875164	361.3133	389.0136	4.5082140E-05	0.05948026
186.763100	2.899416	358.8333	399.0854	4.4517960E-05	0.05925951
187.306800	2.923848	356.2722	410.3427	4.3943660E-05	0.05903370
187.850500	2.948464	353.622	423.0151	4.3358140E-05	0.05880224
188.394300	2.973265	350.8732	437.3956	4.2760090E-05	0.05856445
188.938000	2.998255	348.0146	453.8637	4.2147960E-05	0.05831953
189.481700	3.023438	345.0327	472.9202	4.1519890E-05	0.05806650
190.025400	3.048815	341.9111	495.2394	4.0873650E-05	0.05780417
190.569100	3.074393	338.6295	521.7509	4.0206460E-05	0.05753109
191.112800	3.100174	335.1626	553.7726	3.9514840E-05	0.05724541
191.656600	3.126163	331.4775	593.2355	3.8794340E-05	0.05694474
192.200300	3.152367	327.5311	643.0844	3.8039110E-05	0.05662596
192.744000	3.17879	323.2644	708.0386	3.7241200E-05	0.05628480
193.287700	3.205441	318.5939	796.1501	3.6389410E-05	0.05591518
193.831400	3.23233	313.3945	922.3388	3.5467070E-05	0.05550806
194.375100	3.259466	307.4647	1117.576	3.4447590E-05	0.05504887
194.918900	3.286867	300.4438	1457.879	3.3283880E-05	0.05451163
195.462600	3.314556	291.5669	2189.457	3.1877540E-05	0.05384146
196.006300	3.342571	278.5675	4741.631	2.9943730E-05	0.05287706
