1	0.0100000	0.0061165	999.7900000	4219.9000	0.0017912	0.5610400
1	0.6332300	0.0063992	999.8300000	4217.8000	0.0017530	0.5622200
1	1.2565000	0.0066933	999.8600000	4215.8000	0.0017161	0.5634000
1	1.8797000	0.0069994	999.8900000	4213.9000	0.0016804	0.5645900
1	2.5029000	0.0073177	999.9100000	4212.0000	0.0016459	0.5657700
1	3.1261000	0.0076489	999.9200000	4210.3000	0.0016125	0.5669600
1	3.7494000	0.0079932	999.9200000	4208.6000	0.0015801	0.5681400
1	4.3726000	0.0083511	999.9200000	4207.0000	0.0015488	0.5693300
1	4.9958000	0.0087232	999.9200000	4205.5000	0.0015185	0.5705100
1	5.6190000	0.0091098	999.9000000	4204.0000	0.0014891	0.5717000
1	6.2423000	0.0095115	999.8900000	4202.6000	0.0014606	0.5728800
1	6.8655000	0.0099288	999.8600000	4201.3000	0.0014330	0.5740700
1	7.4887000	0.0103620	999.8300000	4200.1000	0.0014062	0.5752500
1	8.1119000	0.0108120	999.8000000	4198.9000	0.0013802	0.5764300
1	8.7352000	0.0112790	999.7500000	4197.7000	0.0013550	0.5776100
1	9.3584000	0.0117640	999.7100000	4196.6000	0.0013305	0.5787900
1	9.9816000	0.0122670	999.6600000	4195.6000	0.0013067	0.5799600
1	10.6050000	0.0127890	999.6000000	4194.6000	0.0012836	0.5811400
1	11.2280000	0.0133300	999.5400000	4193.6000	0.0012611	0.5823100
1	11.8510000	0.0138920	999.4700000	4192.7000	0.0012392	0.5834800
1	12.4750000	0.0144740	999.4000000	4191.9000	0.0012180	0.5846400
1	13.0980000	0.0150770	999.3200000	4191.1000	0.0011973	0.5858100
1	13.7210000	0.0157030	999.2400000	4190.3000	0.0011772	0.5869700
1	14.3440000	0.0163510	999.1500000	4189.5000	0.0011576	0.5881200
1	14.9670000	0.0170220	999.0600000	4188.8000	0.0011386	0.5892700
1	15.5910000	0.0177180	998.9700000	4188.2000	0.0011200	0.5904200
1	16.2140000	0.0184380	998.8600000	4187.5000	0.0011020	0.5915700
1	16.8370000	0.0191840	998.7600000	4186.9000	0.0010844	0.5927100
1	17.4600000	0.0199570	998.6500000	4186.4000	0.0010672	0.5938400
1	18.0840000	0.0207560	998.5400000	4185.8000	0.0010505	0.5949700
1	18.7070000	0.0215840	998.4200000	4185.3000	0.0010342	0.5961000
1	19.3300000	0.0224400	998.3000000	4184.8000	0.0010183	0.5972200
1	19.9530000	0.0233260	998.1700000	4184.4000	0.0010028	0.5983300
1	20.5760000	0.0242420	998.0400000	4184.0000	0.0009877	0.5994400
1	21.2000000	0.0251890	997.9100000	4183.6000	0.0009729	0.6005500
1	21.8230000	0.0261690	997.7700000	4183.2000	0.0009585	0.6016500
1	22.4460000	0.0271820	997.6300000	4182.8000	0.0009444	0.6027400
1	23.0690000	0.0282290	997.4800000	4182.5000	0.0009307	0.6038200
1	23.6930000	0.0293110	997.3300000	4182.2000	0.0009173	0.6049100
1	24.3160000	0.0304290	997.1800000	4181.9000	0.0009042	0.6059800
1	24.9390000	0.0315840	997.0200000	4181.6000	0.0008913	0.6070500
1	25.5620000	0.0327780	996.8600000	4181.4000	0.0008788	0.6081100
1	26.1860000	0.0340100	996.6900000	4181.1000	0.0008666	0.6091600
1	26.8090000	0.0352820	996.5200000	4180.9000	0.0008546	0.6102100
1	27.4320000	0.0365960	996.3500000	4180.7000	0.0008429	0.6112500
1	28.0550000	0.0379520	996.1800000	4180.5000	0.0008315	0.6122800
1	28.6780000	0.0393520	996.0000000	4180.4000	0.0008203	0.6133100
1	29.3020000	0.0407970	995.8100000	4180.2000	0.0008094	0.6143300
1	29.9250000	0.0422870	995.6300000	4180.1000	0.0007986	0.6153400
1	30.5480000	0.0438240	995.4400000	4180.0000	0.0007881	0.6163400
1	31.1710000	0.0454100	995.2500000	4179.9000	0.0007779	0.6173400
1	31.7950000	0.0470460	995.0500000	4179.8000	0.0007678	0.6183200
1	32.4180000	0.0487320	994.8500000	4179.7000	0.0007580	0.6193000
1	33.0410000	0.0504700	994.6500000	4179.6000	0.0007484	0.6202800
1	33.6640000	0.0522620	994.4400000	4179.6000	0.0007389	0.6212400
1	34.2870000	0.0541090	994.2300000	4179.5000	0.0007297	0.6222000
1	34.9110000	0.0560130	994.0200000	4179.5000	0.0007206	0.6231500
1	35.5340000	0.0579740	993.8100000	4179.5000	0.0007117	0.6240900
1	36.1570000	0.0599940	993.5900000	4179.5000	0.0007030	0.6250200
1	36.7800000	0.0620750	993.3700000	4179.5000	0.0006945	0.6259400
1	37.4040000	0.0642180	993.1400000	4179.5000	0.0006861	0.6268600
1	38.0270000	0.0664250	992.9100000	4179.5000	0.0006779	0.6277700
1	38.6500000	0.0686970	992.6800000	4179.5000	0.0006699	0.6286700
1	39.2730000	0.0710360	992.4500000	4179.6000	0.0006620	0.6295600
1	39.8970000	0.0734430	992.2100000	4179.6000	0.0006542	0.6304400
1	40.5200000	0.0759200	991.9800000	4179.7000	0.0006467	0.6313100
1	41.1430000	0.0784700	991.7300000	4179.8000	0.0006392	0.6321800
1	41.7660000	0.0810920	991.4900000	4179.8000	0.0006319	0.6330300
1	42.3890000	0.0837900	991.2400000	4179.9000	0.0006247	0.6338800
1	43.0130000	0.0865650	990.9900000	4180.0000	0.0006177	0.6347200
1	43.6360000	0.0894190	990.7400000	4180.1000	0.0006108	0.6355500
1	44.2590000	0.0923540	990.4800000	4180.2000	0.0006040	0.6363800
1	44.8820000	0.0953710	990.2200000	4180.3000	0.0005973	0.6371900
1	45.5060000	0.0984720	989.9600000	4180.5000	0.0005908	0.6380000
1	46.1290000	0.1016600	989.7000000	4180.6000	0.0005843	0.6387900
1	46.7520000	0.1049400	989.4300000	4180.7000	0.0005780	0.6395800
1	47.3750000	0.1083000	989.1600000	4180.9000	0.0005718	0.6403600
1	47.9980000	0.1117600	988.8900000	4181.0000	0.0005657	0.6411300
1	48.6220000	0.1153200	988.6100000	4181.2000	0.0005597	0.6419000
1	49.2450000	0.1189600	988.3400000	4181.3000	0.0005538	0.6426500
1	49.8680000	0.1227100	988.0600000	4181.5000	0.0005480	0.6434000
1	50.4910000	0.1265600	987.7700000	4181.7000	0.0005424	0.6441300
1	51.1150000	0.1305200	987.4900000	4181.9000	0.0005368	0.6448600
1	51.7380000	0.1345700	987.2000000	4182.1000	0.0005313	0.6455800
1	52.3610000	0.1387400	986.9100000	4182.3000	0.0005259	0.6462900
1	52.9840000	0.1430100	986.6200000	4182.5000	0.0005206	0.6470000
1	53.6070000	0.1474000	986.3200000	4182.7000	0.0005153	0.6476900
1	54.2310000	0.1519000	986.0300000	4182.9000	0.0005102	0.6483800
1	54.8540000	0.1565200	985.7300000	4183.1000	0.0005051	0.6490600
1	55.4770000	0.1612600	985.4200000	4183.3000	0.0005002	0.6497300
1	56.1000000	0.1661200	985.1200000	4183.6000	0.0004953	0.6503900
1	56.7240000	0.1711100	984.8100000	4183.8000	0.0004905	0.6510400
1	57.3470000	0.1762200	984.5000000	4184.0000	0.0004857	0.6516900
1	57.9700000	0.1814600	984.1900000	4184.3000	0.0004811	0.6523300
1	58.5930000	0.1868300	983.8800000	4184.5000	0.0004765	0.6529600
1	59.2170000	0.1923400	983.5600000	4184.8000	0.0004720	0.6535800
1	59.8400000	0.1979900	983.2400000	4185.1000	0.0004675	0.6541900
1	60.4630000	0.2037800	982.9200000	4185.3000	0.0004631	0.6548000
1	61.0860000	0.2097100	982.6000000	4185.6000	0.0004588	0.6553900
1	61.7090000	0.2157900	982.2700000	4185.9000	0.0004546	0.6559800
1	62.3330000	0.2220100	981.9500000	4186.2000	0.0004504	0.6565600
1	62.9560000	0.2283900	981.6200000	4186.5000	0.0004463	0.6571400
1	63.5790000	0.2349200	981.2800000	4186.8000	0.0004423	0.6577000
1	64.2020000	0.2416200	980.9500000	4187.1000	0.0004383	0.6582600
1	64.8260000	0.2484700	980.6100000	4187.4000	0.0004343	0.6588100
1	65.4490000	0.2554900	980.2700000	4187.7000	0.0004305	0.6593500
1	66.0720000	0.2626700	979.9300000	4188.0000	0.0004267	0.6598900
1	66.6950000	0.2700300	979.5900000	4188.4000	0.0004229	0.6604200
1	67.3180000	0.2775500	979.2400000	4188.7000	0.0004192	0.6609400
1	67.9420000	0.2852600	978.9000000	4189.1000	0.0004156	0.6614500
1	68.5650000	0.2931500	978.5500000	4189.4000	0.0004120	0.6619600
1	69.1880000	0.3012200	978.1900000	4189.8000	0.0004084	0.6624500
1	69.8110000	0.3094700	977.8400000	4190.1000	0.0004049	0.6629500
1	70.4350000	0.3179200	977.4900000	4190.5000	0.0004015	0.6634300
1	71.0580000	0.3265600	977.1300000	4190.8000	0.0003981	0.6639100
1	71.6810000	0.3354000	976.7700000	4191.2000	0.0003948	0.6643800
1	72.3040000	0.3444400	976.4100000	4191.6000	0.0003915	0.6648400
1	72.9280000	0.3536900	976.0400000	4192.0000	0.0003882	0.6652900
1	73.5510000	0.3631400	975.6700000	4192.4000	0.0003850	0.6657400
1	74.1740000	0.3728100	975.3100000	4192.8000	0.0003818	0.6661800
1	74.7970000	0.3826900	974.9400000	4193.2000	0.0003787	0.6666200
1	75.4200000	0.3927900	974.5600000	4193.6000	0.0003757	0.6670500
1	76.0440000	0.4031200	974.1900000	4194.0000	0.0003726	0.6674700
1	76.6670000	0.4136700	973.8100000	4194.5000	0.0003696	0.6678800
1	77.2900000	0.4244600	973.4300000	4194.9000	0.0003667	0.6682900
1	77.9130000	0.4354800	973.0500000	4195.3000	0.0003638	0.6686900
1	78.5370000	0.4467400	972.6700000	4195.8000	0.0003609	0.6690900
1	79.1600000	0.4582400	972.2900000	4196.2000	0.0003581	0.6694700
1	79.7830000	0.4699900	971.9000000	4196.7000	0.0003553	0.6698600
1	80.4060000	0.4820000	971.5100000	4197.2000	0.0003525	0.6702300
1	81.0290000	0.4942600	971.1200000	4197.7000	0.0003498	0.6706000
1	81.6530000	0.5067800	970.7300000	4198.1000	0.0003471	0.6709600
1	82.2760000	0.5195600	970.3400000	4198.6000	0.0003445	0.6713200
1	82.8990000	0.5326200	969.9400000	4199.1000	0.0003419	0.6716700
1	83.5220000	0.5459500	969.5400000	4199.6000	0.0003393	0.6720200
1	84.1460000	0.5595600	969.1400000	4200.1000	0.0003368	0.6723600
1	84.7690000	0.5734400	968.7400000	4200.6000	0.0003343	0.6726900
1	85.3920000	0.5876200	968.3400000	4201.2000	0.0003318	0.6730100
1	86.0150000	0.6020900	967.9300000	4201.7000	0.0003293	0.6733400
1	86.6390000	0.6168600	967.5200000	4202.2000	0.0003269	0.6736500
1	87.2620000	0.6319200	967.1200000	4202.8000	0.0003245	0.6739600
1	87.8850000	0.6473000	966.7000000	4203.3000	0.0003222	0.6742600
1	88.5080000	0.6629800	966.2900000	4203.9000	0.0003199	0.6745600
1	89.1310000	0.6789800	965.8800000	4204.5000	0.0003176	0.6748500
1	89.7550000	0.6953000	965.4600000	4205.0000	0.0003153	0.6751400
1	90.3780000	0.7119500	965.0400000	4205.6000	0.0003131	0.6754200
1	91.0010000	0.7289300	964.6200000	4206.2000	0.0003108	0.6757000
1	91.6240000	0.7462400	964.2000000	4206.8000	0.0003087	0.6759700
1	92.2480000	0.7639000	963.7700000	4207.4000	0.0003065	0.6762300
1	92.8710000	0.7819000	963.3500000	4208.0000	0.0003044	0.6764900
1	93.4940000	0.8002500	962.9200000	4208.7000	0.0003023	0.6767500
1	94.1170000	0.8189600	962.4900000	4209.3000	0.0003002	0.6769900
1	94.7400000	0.8380300	962.0600000	4209.9000	0.0002981	0.6772400
1	95.3640000	0.8574700	961.6300000	4210.6000	0.0002961	0.6774800
1	95.9870000	0.8772900	961.1900000	4211.2000	0.0002941	0.6777100
1	96.6100000	0.8974800	960.7600000	4211.9000	0.0002921	0.6779400
1	97.2330000	0.9180500	960.3200000	4212.6000	0.0002902	0.6781600
1	97.8570000	0.9390200	959.8800000	4213.3000	0.0002882	0.6783800
1	98.4800000	0.9603800	959.4300000	4214.0000	0.0002863	0.6785900
1	99.1030000	0.9821400	958.9900000	4214.7000	0.0002844	0.6788000
1	99.7260000	1.0043000	958.5500000	4215.4000	0.0002826	0.6790000
1	100.3500000	1.0269000	958.1000000	4216.1000	0.0002807	0.6792000
1	100.9700000	1.0499000	957.6500000	4216.8000	0.0002789	0.6794000
1	101.6000000	1.0733000	957.2000000	4217.5000	0.0002771	0.6795900
1	102.2200000	1.0972000	956.7500000	4218.3000	0.0002753	0.6797700
1	102.8400000	1.1215000	956.2900000	4219.0000	0.0002735	0.6799500
1	103.4700000	1.1462000	955.8300000	4219.8000	0.0002718	0.6801200
1	104.0900000	1.1714000	955.3800000	4220.6000	0.0002701	0.6803000
1	104.7100000	1.1970000	954.9200000	4221.3000	0.0002684	0.6804600
1	105.3400000	1.2231000	954.4600000	4222.1000	0.0002667	0.6806200
1	105.9600000	1.2497000	953.9900000	4222.9000	0.0002650	0.6807800
1	106.5800000	1.2767000	953.5300000	4223.7000	0.0002634	0.6809300
1	107.2000000	1.3043000	953.0600000	4224.5000	0.0002618	0.6810800
1	107.8300000	1.3323000	952.5900000	4225.4000	0.0002602	0.6812200
1	108.4500000	1.3608000	952.1200000	4226.2000	0.0002586	0.6813600
1	109.0700000	1.3898000	951.6500000	4227.1000	0.0002570	0.6815000
1	109.7000000	1.4193000	951.1800000	4227.9000	0.0002555	0.6816300
1	110.3200000	1.4493000	950.7000000	4228.8000	0.0002539	0.6817500
1	110.9400000	1.4799000	950.2300000	4229.7000	0.0002524	0.6818800
1	111.5700000	1.5109000	949.7500000	4230.5000	0.0002509	0.6819900
1	112.1900000	1.5425000	949.2700000	4231.4000	0.0002494	0.6821100
1	112.8100000	1.5747000	948.7900000	4232.3000	0.0002479	0.6822200
1	113.4400000	1.6074000	948.3000000	4233.2000	0.0002465	0.6823200
1	114.0600000	1.6406000	947.8200000	4234.2000	0.0002450	0.6824200
1	114.6800000	1.6744000	947.3300000	4235.1000	0.0002436	0.6825200
1	115.3100000	1.7088000	946.8400000	4236.1000	0.0002422	0.6826100
1	115.9300000	1.7438000	946.3500000	4237.0000	0.0002408	0.6827000
1	116.5500000	1.7793000	945.8600000	4238.0000	0.0002394	0.6827900
1	117.1800000	1.8155000	945.3600000	4239.0000	0.0002381	0.6828700
1	117.8000000	1.8522000	944.8700000	4239.9000	0.0002367	0.6829500
1	118.4200000	1.8895000	944.3700000	4240.9000	0.0002354	0.6830200
1	119.0500000	1.9275000	943.8700000	4241.9000	0.0002341	0.6830900
1	119.6700000	1.9660000	943.3700000	4243.0000	0.0002327	0.6831500
1	120.2900000	2.0052000	942.8700000	4244.0000	0.0002315	0.6832200
1	120.9200000	2.0451000	942.3700000	4245.0000	0.0002302	0.6832700
1	121.5400000	2.0855000	941.8600000	4246.1000	0.0002289	0.6833300
1	122.1600000	2.1267000	941.3500000	4247.2000	0.0002276	0.6833800
1	122.7900000	2.1685000	940.8500000	4248.2000	0.0002264	0.6834300
1	123.4100000	2.2109000	940.3300000	4249.3000	0.0002252	0.6834700
1	124.0300000	2.2540000	939.8200000	4250.4000	0.0002240	0.6835100
1	124.6600000	2.2979000	939.3100000	4251.5000	0.0002228	0.6835400
1	125.2800000	2.3424000	938.7900000	4252.6000	0.0002216	0.6835800
1	125.9000000	2.3876000	938.2800000	4253.8000	0.0002204	0.6836000
1	126.5300000	2.4335000	937.7600000	4254.9000	0.0002192	0.6836300
1	127.1500000	2.4801000	937.2400000	4256.1000	0.0002181	0.6836500
1	127.7700000	2.5274000	936.7100000	4257.2000	0.0002169	0.6836700
1	128.3900000	2.5755000	936.1900000	4258.4000	0.0002158	0.6836800
1	129.0200000	2.6243000	935.6700000	4259.6000	0.0002146	0.6836900
1	129.6400000	2.6739000	935.1400000	4260.8000	0.0002135	0.6837000
1	130.2600000	2.7242000	934.6100000	4262.0000	0.0002124	0.6837000
1	130.8900000	2.7753000	934.0800000	4263.2000	0.0002113	0.6837000
1	131.5100000	2.8272000	933.5500000	4264.5000	0.0002103	0.6837000
1	132.1300000	2.8799000	933.0100000	4265.7000	0.0002092	0.6836900
1	132.7600000	2.9333000	932.4800000	4267.0000	0.0002081	0.6836800
1	133.3800000	2.9875000	931.9400000	4268.3000	0.0002071	0.6836600
1	134.0000000	3.0426000	931.4000000	4269.5000	0.0002060	0.6836400
1	134.6300000	3.0985000	930.8600000	4270.8000	0.0002050	0.6836200
1	135.2500000	3.1552000	930.3200000	4272.2000	0.0002040	0.6836000
1	135.8700000	3.2127000	929.7800000	4273.5000	0.0002030	0.6835700
1	136.5000000	3.2711000	929.2300000	4274.8000	0.0002020	0.6835400
1	137.1200000	3.3303000	928.6800000	4276.2000	0.0002010	0.6835000
1	137.7400000	3.3904000	928.1400000	4277.5000	0.0002000	0.6834700
1	138.3700000	3.4514000	927.5800000	4278.9000	0.0001991	0.6834200
1	138.9900000	3.5132000	927.0300000	4280.3000	0.0001981	0.6833800
1	139.6100000	3.5760000	926.4800000	4281.7000	0.0001971	0.6833300
1	140.2400000	3.6396000	925.9200000	4283.1000	0.0001962	0.6832800
1	140.8600000	3.7041000	925.3700000	4284.5000	0.0001953	0.6832200
1	141.4800000	3.7696000	924.8100000	4286.0000	0.0001943	0.6831700
1	142.1100000	3.8360000	924.2500000	4287.4000	0.0001934	0.6831100
1	142.7300000	3.9034000	923.6900000	4288.9000	0.0001925	0.6830400
1	143.3500000	3.9716000	923.1200000	4290.4000	0.0001916	0.6829700
1	143.9800000	4.0409000	922.5600000	4291.9000	0.0001907	0.6829000
1	144.6000000	4.1111000	921.9900000	4293.4000	0.0001898	0.6828300
1	145.2200000	4.1823000	921.4200000	4294.9000	0.0001889	0.6827500
1	145.8500000	4.2545000	920.8500000	4296.5000	0.0001881	0.6826700
1	146.4700000	4.3276000	920.2800000	4298.0000	0.0001872	0.6825800
1	147.0900000	4.4018000	919.7100000	4299.6000	0.0001864	0.6824900
1	147.7100000	4.4770000	919.1300000	4301.2000	0.0001855	0.6824000
1	148.3400000	4.5533000	918.5500000	4302.8000	0.0001847	0.6823100
1	148.9600000	4.6305000	917.9800000	4304.4000	0.0001838	0.6822100
1	149.5800000	4.7088000	917.4000000	4306.0000	0.0001830	0.6821100
1	150.2100000	4.7882000	916.8100000	4307.6000	0.0001822	0.6820100
1	150.8300000	4.8686000	916.2300000	4309.3000	0.0001814	0.6819000
1	151.4500000	4.9502000	915.6400000	4310.9000	0.0001806	0.6817900
1	152.0800000	5.0328000	915.0600000	4312.6000	0.0001798	0.6816800
1	152.7000000	5.1165000	914.4700000	4314.3000	0.0001790	0.6815600
1	153.3200000	5.2013000	913.8800000	4316.0000	0.0001782	0.6814400
1	153.9500000	5.2872000	913.2900000	4317.8000	0.0001774	0.6813200
1	154.5700000	5.3743000	912.6900000	4319.5000	0.0001767	0.6811900
1	155.1900000	5.4625000	912.1000000	4321.3000	0.0001759	0.6810600
1	155.8200000	5.5519000	911.5000000	4323.0000	0.0001752	0.6809300
1	156.4400000	5.6424000	910.9000000	4324.8000	0.0001744	0.6807900
1	157.0600000	5.7341000	910.3000000	4326.6000	0.0001737	0.6806500
1	157.6900000	5.8270000	909.7000000	4328.5000	0.0001729	0.6805100
1	158.3100000	5.9211000	909.1000000	4330.3000	0.0001722	0.6803700
1	158.9300000	6.0163000	908.4900000	4332.1000	0.0001715	0.6802200
1	159.5600000	6.1128000	907.8800000	4334.0000	0.0001708	0.6800700
1	160.1800000	6.2106000	907.2700000	4335.9000	0.0001700	0.6799100
1	160.8000000	6.3096000	906.6600000	4337.8000	0.0001693	0.6797500
1	161.4300000	6.4098000	906.0500000	4339.7000	0.0001686	0.6795900
1	162.0500000	6.5113000	905.4400000	4341.6000	0.0001679	0.6794300
1	162.6700000	6.6140000	904.8200000	4343.6000	0.0001673	0.6792600
1	163.3000000	6.7181000	904.2000000	4345.6000	0.0001666	0.6790900
1	163.9200000	6.8234000	903.5800000	4347.6000	0.0001659	0.6789100
1	164.5400000	6.9301000	902.9600000	4349.6000	0.0001652	0.6787400
1	165.1700000	7.0381000	902.3400000	4351.6000	0.0001646	0.6785600
1	165.7900000	7.1474000	901.7200000	4353.6000	0.0001639	0.6783700
1	166.4100000	7.2580000	901.0900000	4355.7000	0.0001632	0.6781900
1	167.0300000	7.3700000	900.4600000	4357.7000	0.0001626	0.6780000
1	167.6600000	7.4834000	899.8300000	4359.8000	0.0001619	0.6778000
1	168.2800000	7.5982000	899.2000000	4361.9000	0.0001613	0.6776100
1	168.9000000	7.7143000	898.5700000	4364.0000	0.0001607	0.6774100
1	169.5300000	7.8318000	897.9300000	4366.2000	0.0001600	0.6772100
1	170.1500000	7.9508000	897.3000000	4368.3000	0.0001594	0.6770000
1	170.7700000	8.0712000	896.6600000	4370.5000	0.0001588	0.6767900
1	171.4000000	8.1930000	896.0200000	4372.7000	0.0001582	0.6765800
1	172.0200000	8.3163000	895.3800000	4374.9000	0.0001576	0.6763600
1	172.6400000	8.4410000	894.7300000	4377.2000	0.0001570	0.6761400
1	173.2700000	8.5672000	894.0900000	4379.4000	0.0001564	0.6759200
1	173.8900000	8.6949000	893.4400000	4381.7000	0.0001558	0.6757000
1	174.5100000	8.8241000	892.7900000	4384.0000	0.0001552	0.6754700
1	175.1400000	8.9548000	892.1400000	4386.3000	0.0001546	0.6752400
1	175.7600000	9.0871000	891.4900000	4388.6000	0.0001540	0.6750000
1	176.3800000	9.2208000	890.8300000	4391.0000	0.0001534	0.6747700
1	177.0100000	9.3561000	890.1800000	4393.3000	0.0001528	0.6745200
1	177.6300000	9.4930000	889.5200000	4395.7000	0.0001523	0.6742800
1	178.2500000	9.6315000	888.8600000	4398.1000	0.0001517	0.6740300
1	178.8800000	9.7715000	888.2000000	4400.5000	0.0001511	0.6737800
1	179.5000000	9.9131000	887.5300000	4403.0000	0.0001506	0.6735300
1	180.1200000	10.0560000	886.8700000	4405.5000	0.0001500	0.6732700
1	180.7500000	10.2010000	886.2000000	4407.9000	0.0001495	0.6730100
1	181.3700000	10.3480000	885.5300000	4410.4000	0.0001489	0.6727500
1	181.9900000	10.4960000	884.8600000	4413.0000	0.0001484	0.6724800
1	182.6200000	10.6460000	884.1900000	4415.5000	0.0001479	0.6722100
1	183.2400000	10.7970000	883.5100000	4418.1000	0.0001473	0.6719400
1	183.8600000	10.9500000	882.8400000	4420.7000	0.0001468	0.6716600
1	184.4900000	11.1050000	882.1600000	4423.3000	0.0001463	0.6713800
1	185.1100000	11.2620000	881.4800000	4425.9000	0.0001458	0.6710900
1	185.7300000	11.4200000	880.8000000	4428.6000	0.0001452	0.6708100
1	186.3500000	11.5800000	880.1100000	4431.3000	0.0001447	0.6705200
1	186.9800000	11.7420000	879.4300000	4434.0000	0.0001442	0.6702200
1	187.6000000	11.9060000	878.7400000	4436.7000	0.0001437	0.6699300
1	188.2200000	12.0710000	878.0500000	4439.4000	0.0001432	0.6696300
1	188.8500000	12.2380000	877.3600000	4442.2000	0.0001427	0.6693200
1	189.4700000	12.4070000	876.6700000	4445.0000	0.0001422	0.6690200
1	190.0900000	12.5780000	875.9700000	4447.8000	0.0001417	0.6687100
1	190.7200000	12.7510000	875.2700000	4450.7000	0.0001412	0.6683900
1	191.3400000	12.9250000	874.5700000	4453.5000	0.0001407	0.6680800
1	191.9600000	13.1020000	873.8700000	4456.4000	0.0001403	0.6677500
1	192.5900000	13.2800000	873.1700000	4459.3000	0.0001398	0.6674300
1	193.2100000	13.4600000	872.4700000	4462.3000	0.0001393	0.6671000
1	193.8300000	13.6420000	871.7600000	4465.2000	0.0001388	0.6667700
1	194.4600000	13.8260000	871.0500000	4468.2000	0.0001384	0.6664400
1	195.0800000	14.0120000	870.3400000	4471.2000	0.0001379	0.6661000
1	195.7000000	14.2000000	869.6300000	4474.2000	0.0001374	0.6657600
1	196.3300000	14.3900000	868.9100000	4477.3000	0.0001370	0.6654200
1	196.9500000	14.5820000	868.1900000	4480.4000	0.0001365	0.6650700
1	197.5700000	14.7750000	867.4800000	4483.5000	0.0001361	0.6647200
1	198.2000000	14.9710000	866.7600000	4486.6000	0.0001356	0.6643600
1	198.8200000	15.1690000	866.0300000	4489.8000	0.0001352	0.6640000
1	199.4400000	15.3690000	865.3100000	4493.0000	0.0001347	0.6636400
1	200.0700000	15.5710000	864.5800000	4496.2000	0.0001343	0.6632800
1	200.6900000	15.7750000	863.8500000	4499.4000	0.0001338	0.6629100
1	201.3100000	15.9810000	863.1200000	4502.7000	0.0001334	0.6625300
1	201.9400000	16.1890000	862.3900000	4506.0000	0.0001330	0.6621600
1	202.5600000	16.3990000	861.6500000	4509.3000	0.0001325	0.6617800
1	203.1800000	16.6110000	860.9200000	4512.7000	0.0001321	0.6614000
1	203.8100000	16.8260000	860.1800000	4516.0000	0.0001317	0.6610100
1	204.4300000	17.0420000	859.4400000	4519.4000	0.0001313	0.6606200
1	205.0500000	17.2610000	858.6900000	4522.9000	0.0001308	0.6602200
1	205.6700000	17.4820000	857.9500000	4526.3000	0.0001304	0.6598300
1	206.3000000	17.7050000	857.2000000	4529.8000	0.0001300	0.6594300
1	206.9200000	17.9310000	856.4500000	4533.4000	0.0001296	0.6590200
1	207.5400000	18.1580000	855.7000000	4536.9000	0.0001292	0.6586100
1	208.1700000	18.3880000	854.9500000	4540.5000	0.0001288	0.6582000
1	208.7900000	18.6200000	854.1900000	4544.1000	0.0001284	0.6577800
1	209.4100000	18.8540000	853.4300000	4547.8000	0.0001280	0.6573600
1	210.0400000	19.0910000	852.6700000	4551.4000	0.0001276	0.6569400
1	210.6600000	19.3300000	851.9100000	4555.1000	0.0001272	0.6565100
1	211.2800000	19.5710000	851.1500000	4558.9000	0.0001268	0.6560800
1	211.9100000	19.8150000	850.3800000	4562.6000	0.0001264	0.6556500
1	212.5300000	20.0610000	849.6100000	4566.4000	0.0001260	0.6552100
1	213.1500000	20.3090000	848.8400000	4570.3000	0.0001256	0.6547700
1	213.7800000	20.5600000	848.0600000	4574.1000	0.0001252	0.6543200
1	214.4000000	20.8130000	847.2900000	4578.0000	0.0001249	0.6538700
1	215.0200000	21.0680000	846.5100000	4582.0000	0.0001245	0.6534200
1	215.6500000	21.3260000	845.7300000	4585.9000	0.0001241	0.6529600
1	216.2700000	21.5860000	844.9500000	4589.9000	0.0001237	0.6525000
1	216.8900000	21.8490000	844.1600000	4594.0000	0.0001234	0.6520300
1	217.5200000	22.1140000	843.3800000	4598.0000	0.0001230	0.6515600
1	218.1400000	22.3820000	842.5900000	4602.2000	0.0001226	0.6510900
1	218.7600000	22.6520000	841.8000000	4606.3000	0.0001222	0.6506100
1	219.3900000	22.9250000	841.0000000	4610.5000	0.0001219	0.6501300
1	220.0100000	23.2000000	840.2100000	4614.7000	0.0001215	0.6496400
1	220.6300000	23.4780000	839.4100000	4618.9000	0.0001212	0.6491600
1	221.2600000	23.7580000	838.6100000	4623.2000	0.0001208	0.6486600
1	221.8800000	24.0410000	837.8100000	4627.6000	0.0001204	0.6481600
1	222.5000000	24.3260000	837.0000000	4631.9000	0.0001201	0.6476600
1	223.1300000	24.6150000	836.1900000	4636.3000	0.0001197	0.6471600
1	223.7500000	24.9050000	835.3800000	4640.8000	0.0001194	0.6466500
1	224.3700000	25.1990000	834.5700000	4645.2000	0.0001190	0.6461300
1	224.9900000	25.4950000	833.7500000	4649.8000	0.0001187	0.6456200
1	225.6200000	25.7940000	832.9400000	4654.3000	0.0001183	0.6450900
1	226.2400000	26.0950000	832.1200000	4658.9000	0.0001180	0.6445700
1	226.8600000	26.3990000	831.2900000	4663.6000	0.0001177	0.6440400
1	227.4900000	26.7060000	830.4700000	4668.3000	0.0001173	0.6435000
1	228.1100000	27.0160000	829.6400000	4673.0000	0.0001170	0.6429600
1	228.7300000	27.3280000	828.8100000	4677.7000	0.0001166	0.6424200
1	229.3600000	27.6430000	827.9800000	4682.6000	0.0001163	0.6418700
1	229.9800000	27.9610000	827.1500000	4687.4000	0.0001160	0.6413200
1	230.6000000	28.2820000	826.3100000	4692.3000	0.0001156	0.6407700
1	231.2300000	28.6050000	825.4700000	4697.3000	0.0001153	0.6402100
1	231.8500000	28.9320000	824.6300000	4702.2000	0.0001150	0.6396400
1	232.4700000	29.2610000	823.7800000	4707.3000	0.0001147	0.6390700
1	233.1000000	29.5930000	822.9300000	4712.4000	0.0001143	0.6385000
1	233.7200000	29.9280000	822.0800000	4717.5000	0.0001140	0.6379200
1	234.3400000	30.2660000	821.2300000	4722.7000	0.0001137	0.6373400
1	234.9700000	30.6070000	820.3700000	4727.9000	0.0001134	0.6367500
1	235.5900000	30.9510000	819.5200000	4733.2000	0.0001131	0.6361600
1	236.2100000	31.2970000	818.6500000	4738.5000	0.0001127	0.6355700
1	236.8400000	31.6470000	817.7900000	4743.9000	0.0001124	0.6349700
1	237.4600000	32.0000000	816.9300000	4749.3000	0.0001121	0.6343600
1	238.0800000	32.3560000	816.0600000	4754.7000	0.0001118	0.6337500
1	238.7100000	32.7140000	815.1800000	4760.3000	0.0001115	0.6331400
1	239.3300000	33.0760000	814.3100000	4765.8000	0.0001112	0.6325200
1	239.9500000	33.4410000	813.4300000	4771.5000	0.0001109	0.6319000
1	240.5800000	33.8090000	812.5500000	4777.2000	0.0001106	0.6312700
1	241.2000000	34.1800000	811.6700000	4782.9000	0.0001103	0.6306400
1	241.8200000	34.5540000	810.7800000	4788.7000	0.0001100	0.6300000
1	242.4500000	34.9320000	809.9000000	4794.5000	0.0001097	0.6293600
1	243.0700000	35.3120000	809.0000000	4800.4000	0.0001094	0.6287100
1	243.6900000	35.6960000	808.1100000	4806.4000	0.0001091	0.6280600
1	244.3100000	36.0830000	807.2100000	4812.4000	0.0001088	0.6274000
1	244.9400000	36.4730000	806.3100000	4818.5000	0.0001085	0.6267400
1	245.5600000	36.8660000	805.4100000	4824.6000	0.0001082	0.6260800
1	246.1800000	37.2630000	804.5100000	4830.8000	0.0001079	0.6254000
1	246.8100000	37.6620000	803.6000000	4837.1000	0.0001076	0.6247300
1	247.4300000	38.0650000	802.6800000	4843.4000	0.0001073	0.6240500
1	248.0500000	38.4720000	801.7700000	4849.8000	0.0001070	0.6233600
1	248.6800000	38.8810000	800.8500000	4856.2000	0.0001067	0.6226700
1	249.3000000	39.2940000	799.9300000	4862.7000	0.0001064	0.6219800
1	249.9200000	39.7110000	799.0100000	4869.3000	0.0001062	0.6212800
1	250.5500000	40.1300000	798.0800000	4876.0000	0.0001059	0.6205700
1	251.1700000	40.5530000	797.1500000	4882.7000	0.0001056	0.6198600
1	251.7900000	40.9800000	796.2200000	4889.5000	0.0001053	0.6191500
1	252.4200000	41.4100000	795.2800000	4896.3000	0.0001050	0.6184200
1	253.0400000	41.8430000	794.3400000	4903.2000	0.0001047	0.6177000
1	253.6600000	42.2800000	793.4000000	4910.2000	0.0001045	0.6169700
1	254.2900000	42.7200000	792.4500000	4917.3000	0.0001042	0.6162300
1	254.9100000	43.1640000	791.5000000	4924.4000	0.0001039	0.6154900
1	255.5300000	43.6120000	790.5500000	4931.6000	0.0001036	0.6147400
1	256.1600000	44.0620000	789.5900000	4938.9000	0.0001034	0.6139900
1	256.7800000	44.5170000	788.6400000	4946.3000	0.0001031	0.6132400
1	257.4000000	44.9750000	787.6700000	4953.7000	0.0001028	0.6124700
1	258.0300000	45.4360000	786.7100000	4961.3000	0.0001025	0.6117100
1	258.6500000	45.9020000	785.7400000	4968.9000	0.0001023	0.6109300
1	259.2700000	46.3710000	784.7700000	4976.5000	0.0001020	0.6101500
1	259.9000000	46.8430000	783.7900000	4984.3000	0.0001017	0.6093700
1	260.5200000	47.3190000	782.8100000	4992.2000	0.0001015	0.6085800
1	261.1400000	47.7990000	781.8300000	5000.1000	0.0001012	0.6077900
1	261.7700000	48.2830000	780.8400000	5008.1000	0.0001009	0.6069900
1	262.3900000	48.7700000	779.8500000	5016.2000	0.0001007	0.6061800
1	263.0100000	49.2610000	778.8600000	5024.4000	0.0001004	0.6053700
1	263.6300000	49.7560000	777.8600000	5032.7000	0.0001001	0.6045600
1	264.2600000	50.2540000	776.8600000	5041.1000	0.0000999	0.6037400
1	264.8800000	50.7570000	775.8500000	5049.6000	0.0000996	0.6029100
1	265.5000000	51.2630000	774.8500000	5058.2000	0.0000994	0.6020800
1	266.1300000	51.7730000	773.8300000	5066.8000	0.0000991	0.6012400
1	266.7500000	52.2870000	772.8200000	5075.6000	0.0000988	0.6004000
1	267.3700000	52.8050000	771.8000000	5084.5000	0.0000986	0.5995500
1	268.0000000	53.3270000	770.7800000	5093.5000	0.0000983	0.5986900
1	268.6200000	53.8520000	769.7500000	5102.5000	0.0000981	0.5978300
1	269.2400000	54.3820000	768.7200000	5111.7000	0.0000978	0.5969700
1	269.8700000	54.9160000	767.6800000	5121.0000	0.0000976	0.5961000
1	270.4900000	55.4530000	766.6400000	5130.4000	0.0000973	0.5952200
1	271.1100000	55.9950000	765.6000000	5139.9000	0.0000970	0.5943400
1	271.7400000	56.5400000	764.5500000	5149.6000	0.0000968	0.5934500
1	272.3600000	57.0900000	763.5000000	5159.3000	0.0000965	0.5925600
1	272.9800000	57.6440000	762.4500000	5169.2000	0.0000963	0.5916600
1	273.6100000	58.2020000	761.3900000	5179.1000	0.0000960	0.5907500
1	274.2300000	58.7640000	760.3300000	5189.2000	0.0000958	0.5898400
1	274.8500000	59.3300000	759.2600000	5199.5000	0.0000955	0.5889300
1	275.4800000	59.9000000	758.1900000	5209.8000	0.0000953	0.5880100
1	276.1000000	60.4740000	757.1100000	5220.3000	0.0000950	0.5870800
1	276.7200000	61.0530000	756.0300000	5230.9000	0.0000948	0.5861500
1	277.3500000	61.6360000	754.9400000	5241.6000	0.0000946	0.5852100
1	277.9700000	62.2230000	753.8600000	5252.5000	0.0000943	0.5842600
1	278.5900000	62.8140000	752.7600000	5263.5000	0.0000941	0.5833100
1	279.2200000	63.4100000	751.6600000	5274.7000	0.0000938	0.5823600
1	279.8400000	64.0100000	750.5600000	5286.0000	0.0000936	0.5814000
1	280.4600000	64.6140000	749.4500000	5297.4000	0.0000933	0.5804300
1	281.0900000	65.2230000	748.3400000	5309.0000	0.0000931	0.5794600
1	281.7100000	65.8360000	747.2300000	5320.8000	0.0000928	0.5784800
1	282.3300000	66.4530000	746.1000000	5332.7000	0.0000926	0.5775000
1	282.9500000	67.0750000	744.9800000	5344.7000	0.0000924	0.5765100
1	283.5800000	67.7010000	743.8500000	5357.0000	0.0000921	0.5755200
1	284.2000000	68.3320000	742.7100000	5369.3000	0.0000919	0.5745200
1	284.8200000	68.9670000	741.5700000	5381.9000	0.0000916	0.5735100
1	285.4500000	69.6070000	740.4300000	5394.6000	0.0000914	0.5725000
1	286.0700000	70.2510000	739.2800000	5407.5000	0.0000912	0.5714900
1	286.6900000	70.9000000	738.1200000	5420.6000	0.0000909	0.5704600
1	287.3200000	71.5530000	736.9600000	5433.9000	0.0000907	0.5694400
1	287.9400000	72.2110000	735.7900000	5447.3000	0.0000904	0.5684100
1	288.5600000	72.8730000	734.6200000	5460.9000	0.0000902	0.5673700
1	289.1900000	73.5410000	733.4500000	5474.8000	0.0000900	0.5663300
1	289.8100000	74.2120000	732.2700000	5488.8000	0.0000897	0.5652800
1	290.4300000	74.8890000	731.0800000	5503.0000	0.0000895	0.5642200
1	291.0600000	75.5700000	729.8900000	5517.5000	0.0000893	0.5631700
1	291.6800000	76.2560000	728.6900000	5532.1000	0.0000890	0.5621000
1	292.3000000	76.9470000	727.4800000	5547.0000	0.0000888	0.5610300
1	292.9300000	77.6420000	726.2800000	5562.0000	0.0000886	0.5599600
1	293.5500000	78.3430000	725.0600000	5577.4000	0.0000883	0.5588800
1	294.1700000	79.0480000	723.8400000	5592.9000	0.0000881	0.5578000
1	294.8000000	79.7580000	722.6100000	5608.7000	0.0000878	0.5567100
1	295.4200000	80.4730000	721.3800000	5624.7000	0.0000876	0.5556100
1	296.0400000	81.1930000	720.1400000	5641.0000	0.0000874	0.5545100
1	296.6700000	81.9170000	718.9000000	5657.5000	0.0000871	0.5534100
1	297.2900000	82.6470000	717.6500000	5674.3000	0.0000869	0.5523000
1	297.9100000	83.3820000	716.3900000	5691.3000	0.0000867	0.5511900
1	298.5400000	84.1210000	715.1300000	5708.6000	0.0000864	0.5500700
1	299.1600000	84.8660000	713.8600000	5726.2000	0.0000862	0.5489500
1	299.7800000	85.6160000	712.5800000	5744.1000	0.0000860	0.5478200
1	300.4100000	86.3700000	711.3000000	5762.2000	0.0000857	0.5466900
1	301.0300000	87.1300000	710.0100000	5780.7000	0.0000855	0.5455500
1	301.6500000	87.8950000	708.7200000	5799.5000	0.0000853	0.5444100
1	302.2700000	88.6660000	707.4100000	5818.6000	0.0000850	0.5432700
1	302.9000000	89.4410000	706.1100000	5838.0000	0.0000848	0.5421200
1	303.5200000	90.2210000	704.7900000	5857.7000	0.0000846	0.5409700
1	304.1400000	91.0070000	703.4700000	5877.8000	0.0000844	0.5398100
1	304.7700000	91.7980000	702.1400000	5898.2000	0.0000841	0.5386500
1	305.3900000	92.5950000	700.8000000	5919.0000	0.0000839	0.5374800
1	306.0100000	93.3960000	699.4500000	5940.2000	0.0000837	0.5363100
1	306.6400000	94.2030000	698.1000000	5961.7000	0.0000834	0.5351400
1	307.2600000	95.0160000	696.7400000	5983.6000	0.0000832	0.5339600
1	307.8800000	95.8330000	695.3700000	6005.9000	0.0000830	0.5327800
1	308.5100000	96.6570000	694.0000000	6028.6000	0.0000827	0.5316000
1	309.1300000	97.4850000	692.6100000	6051.8000	0.0000825	0.5304100
1	309.7500000	98.3190000	691.2200000	6075.3000	0.0000823	0.5292200
1	310.3800000	99.1590000	689.8200000	6099.3000	0.0000820	0.5280200
1	311.0000000	100.0000000	688.4200000	6123.8000	0.0000818	0.5268200
1	311.6200000	100.8500000	687.0000000	6148.8000	0.0000816	0.5256200
1	312.2500000	101.7100000	685.5800000	6174.2000	0.0000813	0.5244200
1	312.8700000	102.5700000	684.1400000	6200.1000	0.0000811	0.5232100
1	313.4900000	103.4400000	682.7000000	6226.5000	0.0000809	0.5220000
1	314.1200000	104.3100000	681.2500000	6253.5000	0.0000806	0.5207900
1	314.7400000	105.1900000	679.7900000	6281.0000	0.0000804	0.5195700
1	315.3600000	106.0800000	678.3200000	6309.0000	0.0000802	0.5183500
1	315.9900000	106.9700000	676.8500000	6337.7000	0.0000799	0.5171300
1	316.6100000	107.8600000	675.3600000	6366.9000	0.0000797	0.5159000
1	317.2300000	108.7700000	673.8600000	6396.8000	0.0000795	0.5146800
1	317.8600000	109.6700000	672.3600000	6427.3000	0.0000792	0.5134500
1	318.4800000	110.5900000	670.8400000	6458.4000	0.0000790	0.5122200
1	319.1000000	111.5100000	669.3100000	6490.2000	0.0000787	0.5109800
1	319.7300000	112.4300000	667.7700000	6522.8000	0.0000785	0.5097400
1	320.3500000	113.3600000	666.2300000	6556.0000	0.0000783	0.5085100
1	320.9700000	114.3000000	664.6700000	6590.0000	0.0000780	0.5072600
1	321.5900000	115.2500000	663.1000000	6624.8000	0.0000778	0.5060200
1	322.2200000	116.2000000	661.5200000	6660.4000	0.0000776	0.5047800
1	322.8400000	117.1500000	659.9300000	6696.8000	0.0000773	0.5035300
1	323.4600000	118.1100000	658.3300000	6734.1000	0.0000771	0.5022800
1	324.0900000	119.0800000	656.7100000	6772.3000	0.0000768	0.5010300
1	324.7100000	120.0600000	655.0900000	6811.4000	0.0000766	0.4997800
1	325.3300000	121.0400000	653.4500000	6851.5000	0.0000764	0.4985200
1	325.9600000	122.0200000	651.8000000	6892.6000	0.0000761	0.4972600
1	326.5800000	123.0200000	650.1300000	6934.7000	0.0000759	0.4960100
1	327.2000000	124.0200000	648.4600000	6977.9000	0.0000756	0.4947500
1	327.8300000	125.0200000	646.7700000	7022.2000	0.0000754	0.4934800
1	328.4500000	126.0400000	645.0700000	7067.7000	0.0000751	0.4922200
1	329.0700000	127.0500000	643.3500000	7114.5000	0.0000749	0.4909600
1	329.7000000	128.0800000	641.6200000	7162.5000	0.0000747	0.4896900
1	330.3200000	129.1100000	639.8800000	7211.9000	0.0000744	0.4884200
1	330.9400000	130.1500000	638.1200000	7262.6000	0.0000742	0.4871500
1	331.5700000	131.1900000	636.3400000	7314.8000	0.0000739	0.4858800
1	332.1900000	132.2500000	634.5500000	7368.6000	0.0000737	0.4846100
1	332.8100000	133.3100000	632.7500000	7423.9000	0.0000734	0.4833300
1	333.4400000	134.3700000	630.9300000	7480.9000	0.0000732	0.4820600
1	334.0600000	135.4400000	629.0900000	7539.7000	0.0000729	0.4807800
1	334.6800000	136.5200000	627.2400000	7600.3000	0.0000727	0.4795000
1	335.3100000	137.6100000	625.3700000	7662.8000	0.0000724	0.4782200
1	335.9300000	138.7000000	623.4800000	7727.4000	0.0000721	0.4769300
1	336.5500000	139.8000000	621.5700000	7794.2000	0.0000719	0.4756500
1	337.1800000	140.9000000	619.6400000	7863.2000	0.0000716	0.4743600
1	337.8000000	142.0200000	617.7000000	7934.6000	0.0000714	0.4730700
1	338.4200000	143.1400000	615.7300000	8008.5000	0.0000711	0.4717800
1	339.0500000	144.2700000	613.7500000	8085.1000	0.0000708	0.4704900
1	339.6700000	145.4000000	611.7400000	8164.5000	0.0000706	0.4692000
1	340.2900000	146.5400000	609.7200000	8246.9000	0.0000703	0.4679000
1	340.9100000	147.6900000	607.6700000	8332.5000	0.0000700	0.4666000
1	341.5400000	148.8500000	605.5900000	8421.5000	0.0000698	0.4653000
1	342.1600000	150.0100000	603.5000000	8514.1000	0.0000695	0.4640000
1	342.7800000	151.1800000	601.3800000	8610.6000	0.0000692	0.4626900
1	343.4100000	152.3600000	599.2300000	8711.1000	0.0000689	0.4613800
1	344.0300000	153.5500000	597.0600000	8816.0000	0.0000687	0.4600700
1	344.6500000	154.7400000	594.8600000	8925.6000	0.0000684	0.4587600
1	345.2800000	155.9400000	592.6300000	9040.2000	0.0000681	0.4574400
1	345.9000000	157.1500000	590.3700000	9160.2000	0.0000678	0.4561200
1	346.5200000	158.3700000	588.0900000	9285.9000	0.0000675	0.4548000
1	347.1500000	159.5900000	585.7700000	9417.9000	0.0000672	0.4534700
1	347.7700000	160.8200000	583.4200000	9556.5000	0.0000670	0.4521400
1	348.3900000	162.0600000	581.0300000	9702.4000	0.0000667	0.4508100
1	349.0200000	163.3100000	578.6100000	9856.1000	0.0000664	0.4494800
1	349.6400000	164.5700000	576.1400000	10018.0000	0.0000661	0.4481400
1	350.2600000	165.8300000	573.6500000	10190.0000	0.0000657	0.4468000
1	350.8900000	167.1000000	571.1000000	10371.0000	0.0000654	0.4454600
1	351.5100000	168.3800000	568.5200000	10563.0000	0.0000651	0.4441100
1	352.1300000	169.6700000	565.8900000	10767.0000	0.0000648	0.4427700
1	352.7600000	170.9700000	563.2100000	10984.0000	0.0000645	0.4414200
1	353.3800000	172.2700000	560.4900000	11214.0000	0.0000642	0.4400600
1	354.0000000	173.5800000	557.7100000	11460.0000	0.0000638	0.4387100
1	354.6300000	174.9000000	554.8700000	11723.0000	0.0000635	0.4373500
1	355.2500000	176.2300000	551.9700000	12005.0000	0.0000631	0.4360000
1	355.8700000	177.5700000	549.0200000	12307.0000	0.0000628	0.4346400
1	356.5000000	178.9200000	546.0000000	12631.0000	0.0000624	0.4332800
1	357.1200000	180.2800000	542.9000000	12981.0000	0.0000621	0.4319300
1	357.7400000	181.6400000	539.7400000	13357.0000	0.0000617	0.4305700
1	358.3700000	183.0100000	536.5000000	13765.0000	0.0000613	0.4292200
1	358.9900000	184.4000000	533.1700000	14206.0000	0.0000610	0.4278800
1	359.6100000	185.7900000	529.7600000	14685.0000	0.0000606	0.4265500
1	360.2400000	187.1900000	526.2600000	15206.0000	0.0000602	0.4252300
1	360.8600000	188.6000000	522.6600000	15775.0000	0.0000598	0.4239200
1	361.4800000	190.0200000	518.9500000	16399.0000	0.0000594	0.4226400
1	362.1000000	191.4500000	515.1400000	17083.0000	0.0000589	0.4213800
1	362.7300000	192.8900000	511.2000000	17838.0000	0.0000585	0.4201700
1	363.3500000	194.3300000	507.1500000	18675.0000	0.0000580	0.4190100
1	363.9700000	195.7900000	502.9600000	19609.0000	0.0000576	0.4179200
1	364.6000000	197.2600000	498.6200000	20658.0000	0.0000571	0.4169400
1	365.2200000	198.7400000	494.1300000	21850.0000	0.0000566	0.4160900
1	365.8400000	200.2300000	489.4700000	23219.0000	0.0000561	0.4154200
1	366.4700000	201.7300000	484.6100000	24817.0000	0.0000556	0.4150100
1	367.0900000	203.2400000	479.5400000	26718.0000	0.0000550	0.4149500
1	367.7100000	204.7600000	474.2200000	29031.0000	0.0000545	0.4153600
1	368.3400000	206.2900000	468.5900000	31926.0000	0.0000539	0.4164400
1	368.9600000	207.8300000	462.5800000	35669.0000	0.0000532	0.4184400
1	369.5800000	209.3900000	456.1000000	40704.0000	0.0000526	0.4217700
1	370.2100000	210.9600000	448.9800000	47813.0000	0.0000518	0.4270700
1	370.8300000	212.5400000	441.0100000	58479.0000	0.0000510	0.4353900
1	371.4500000	214.1300000	431.8100000	75806.0000	0.0000500	0.4486700
1	372.0800000	215.7400000	420.7800000	107240.0000	0.0000489	0.4708700
1	372.7000000	217.3600000	406.9200000	175350.0000	0.0000482	0.5122300
1	373.3200000	218.9900000	387.9800000	399390.0000	0.0000473	0.6167000
