-56.558	0.51796434	1178.4626	85.960259	0.00025670305	0.18062709
-56.412106	0.52125834	1177.9392	85.975028	0.00025605261	0.18043449
-56.266213	0.52456815	1177.4155	85.989920	0.00025540414	0.18024199
-56.120319	0.52789382	1176.8914	86.004933	0.00025475762	0.18004957
-55.974425	0.53123541	1176.3669	86.020069	0.00025411304	0.17985725
-55.828532	0.53459295	1175.842	86.035328	0.00025347040	0.17966501
-55.682638	0.53796650	1175.3168	86.050710	0.00025282969	0.17947287
-55.536744	0.54135611	1174.7912	86.066215	0.00025219090	0.17928081
-55.390851	0.54476182	1174.2653	86.081845	0.00025155403	0.17908884
-55.244957	0.54818368	1173.739	86.097600	0.00025091906	0.17889697
-55.099063	0.55162175	1173.2123	86.113479	0.00025028600	0.17870518
-54.95317	0.55507606	1172.6852	86.129484	0.00024965482	0.17851348
-54.807276	0.55854667	1172.1578	86.145615	0.00024902553	0.17832187
-54.661382	0.56203363	1171.63	86.161872	0.00024839811	0.17813034
-54.515489	0.56553699	1171.1018	86.178256	0.00024777257	0.17793891
-54.369595	0.56905679	1170.5732	86.194767	0.00024714888	0.17774756
-54.223701	0.57259309	1170.0443	86.211406	0.00024652705	0.17755630
-54.077808	0.57614593	1169.5149	86.228173	0.00024590707	0.17736513
-53.931914	0.57971536	1168.9852	86.245068	0.00024528892	0.17717404
-53.78602	0.58330143	1168.4552	86.262093	0.00024467261	0.17698304
-53.640127	0.58690419	1167.9247	86.279247	0.00024405812	0.17679213
-53.494233	0.59052369	1167.3938	86.296531	0.00024344545	0.17660131
-53.348339	0.59415998	1166.8626	86.313945	0.00024283459	0.17641057
-53.202446	0.59781310	1166.331	86.331490	0.00024222554	0.17621992
-53.056552	0.60148312	1165.799	86.349167	0.00024161828	0.17602935
-52.910658	0.60517006	1165.2665	86.366975	0.00024101281	0.17583887
-52.764765	0.60887399	1164.7337	86.384916	0.00024040912	0.17564848
-52.618871	0.61259496	1164.2006	86.402989	0.00023980720	0.17545817
-52.472977	0.61633301	1163.667	86.421196	0.00023920706	0.17526795
-52.327084	0.62008819	1163.133	86.439537	0.00023860868	0.17507781
-52.18119	0.62386055	1162.5986	86.458011	0.00023801205	0.17488776
-52.035296	0.62765015	1162.0638	86.476621	0.00023741717	0.17469779
-51.889403	0.63145703	1161.5286	86.495366	0.00023682402	0.17450791
-51.743509	0.63528123	1160.9931	86.514246	0.00023623262	0.17431811
-51.597615	0.63912282	1160.4571	86.533263	0.00023564294	0.17412840
-51.451722	0.64298184	1159.9207	86.552417	0.00023505498	0.17393877
-51.305828	0.64685834	1159.3839	86.571708	0.00023446873	0.17374922
-51.159934	0.65075237	1158.8467	86.591137	0.00023388419	0.17355976
-51.014041	0.65466397	1158.3091	86.610704	0.00023330135	0.17337038
-50.868147	0.65859321	1157.7711	86.630410	0.00023272020	0.17318109
-50.722253	0.66254013	1157.2326	86.650255	0.00023214074	0.17299188
-50.57636	0.66650477	1156.6938	86.670241	0.00023156297	0.17280275
-50.430466	0.67048719	1156.1545	86.690367	0.00023098686	0.17261370
-50.284572	0.67448744	1155.6148	86.710634	0.00023041242	0.17242474
-50.138679	0.67850558	1155.0748	86.731042	0.00022983965	0.17223585
-49.992785	0.68254164	1154.5342	86.751592	0.00022926852	0.17204705
-49.846891	0.68659567	1153.9933	86.772286	0.00022869905	0.17185834
-49.700998	0.69066774	1153.452	86.793122	0.00022813122	0.17166970
-49.555104	0.69475789	1152.9102	86.814102	0.00022756502	0.17148114
-49.40921	0.69886617	1152.368	86.835227	0.00022700045	0.17129267
-49.263317	0.70299262	1151.8253	86.856496	0.00022643750	0.17110428
-49.117423	0.70713731	1151.2823	86.877911	0.00022587617	0.17091597
-48.971529	0.71130028	1150.7388	86.899472	0.00022531645	0.17072774
-48.825636	0.71548158	1150.1949	86.921180	0.00022475834	0.17053958
-48.679742	0.71968126	1149.6505	86.943034	0.00022420182	0.17035151
-48.533848	0.72389937	1149.1057	86.965037	0.00022364689	0.17016352
-48.387955	0.72813597	1148.5605	86.987188	0.00022309355	0.16997561
-48.242061	0.73239109	1148.0148	87.009488	0.00022254179	0.16978778
-48.096167	0.73666480	1147.4687	87.031938	0.00022199160	0.16960003
-47.950274	0.74095715	1146.9222	87.054538	0.00022144298	0.16941236
-47.80438	0.74526818	1146.3752	87.077288	0.00022089592	0.16922477
-47.658486	0.74959794	1145.8278	87.100190	0.00022035041	0.16903725
-47.512593	0.75394650	1145.2799	87.123245	0.00021980645	0.16884982
-47.366699	0.75831388	1144.7316	87.146452	0.00021926404	0.16866246
-47.220805	0.76270016	1144.1828	87.169812	0.00021872316	0.16847518
-47.074912	0.76710538	1143.6336	87.193326	0.00021818382	0.16828798
-46.929018	0.77152958	1143.084	87.216995	0.00021764600	0.16810086
-46.783124	0.77597283	1142.5338	87.240819	0.00021710970	0.16791381
-46.637231	0.78043517	1141.9833	87.264799	0.00021657491	0.16772685
-46.491337	0.78491665	1141.4322	87.288936	0.00021604164	0.16753996
-46.345443	0.78941732	1140.8807	87.313229	0.00021550986	0.16735314
-46.19955	0.79393724	1140.3288	87.337681	0.00021497958	0.16716641
-46.053656	0.79847645	1139.7764	87.362291	0.00021445080	0.16697974
-45.907762	0.80303501	1139.2235	87.387060	0.00021392349	0.16679316
-45.761869	0.80761297	1138.6702	87.411990	0.00021339767	0.16660665
-45.615975	0.81221038	1138.1163	87.437080	0.00021287332	0.16642022
-45.470081	0.81682729	1137.5621	87.462331	0.00021235044	0.16623386
-45.324188	0.82146376	1137.0073	87.487744	0.00021182902	0.16604758
-45.178294	0.82611982	1136.4521	87.513320	0.00021130906	0.16586138
-45.0324	0.83079555	1135.8964	87.539059	0.00021079056	0.16567525
-44.886507	0.83549098	1135.3402	87.564962	0.00021027349	0.16548919
-44.740613	0.84020616	1134.7836	87.591030	0.00020975787	0.16530321
-44.594719	0.84494116	1134.2265	87.617264	0.00020924368	0.16511730
-44.448826	0.84969602	1133.6689	87.643664	0.00020873093	0.16493147
-44.302932	0.85447079	1133.1108	87.670231	0.00020821960	0.16474571
-44.157038	0.85926552	1132.5522	87.696966	0.00020770968	0.16456003
-44.011145	0.86408027	1131.9932	87.723869	0.00020720118	0.16437442
-43.865251	0.86891509	1131.4336	87.750941	0.00020669409	0.16418888
-43.719357	0.87377003	1130.8736	87.778184	0.00020618840	0.16400341
-43.573464	0.87864514	1130.3131	87.805597	0.00020568411	0.16381802
-43.42757	0.88354048	1129.752	87.833182	0.00020518121	0.16363270
-43.281676	0.88845608	1129.1905	87.860939	0.00020467970	0.16344745
-43.135783	0.89339202	1128.6285	87.888869	0.00020417957	0.16326228
-42.989889	0.89834834	1128.066	87.916973	0.00020368082	0.16307718
-42.843995	0.90332508	1127.503	87.945252	0.00020318344	0.16289215
-42.698102	0.90832231	1126.9395	87.973707	0.00020268743	0.16270719
-42.552208	0.91334008	1126.3755	88.002337	0.00020219277	0.16252230
-42.406314	0.91837843	1125.811	88.031145	0.00020169948	0.16233748
-42.260421	0.92343743	1125.2459	88.060131	0.00020120753	0.16215273
-42.114527	0.92851711	1124.6804	88.089295	0.00020071693	0.16196806
-41.968633	0.93361754	1124.1143	88.118639	0.00020022767	0.16178345
-41.82274	0.93873876	1123.5478	88.148164	0.00019973975	0.16159892
-41.676846	0.94388084	1122.9807	88.177870	0.00019925316	0.16141445
-41.530952	0.94904381	1122.4131	88.207758	0.00019876789	0.16123006
-41.385059	0.95422774	1121.845	88.237829	0.00019828394	0.16104573
-41.239165	0.95943268	1121.2764	88.268085	0.00019780132	0.16086148
-41.093271	0.96465867	1120.7072	88.298524	0.00019732000	0.16067729
-40.947378	0.96990578	1120.1375	88.329150	0.00019683999	0.16049317
-40.801484	0.97517404	1119.5673	88.359962	0.00019636127	0.16030912
-40.65559	0.98046353	1118.9966	88.390962	0.00019588386	0.16012514
-40.509697	0.98577428	1118.4253	88.422150	0.00019540774	0.15994123
-40.363803	0.99110636	1117.8535	88.453528	0.00019493290	0.15975738
-40.217909	0.99645980	1117.2811	88.485095	0.00019445935	0.15957360
-40.072016	10.018.347	1116.7083	88.516854	0.00019398707	0.15938989
-39.926122	10.072.310	1116.1349	88.548805	0.00019351607	0.15920625
-39.780228	10.126.489	1115.5609	88.580950	0.00019304633	0.15902267
-39.634335	10.180.884	1114.9864	88.613288	0.00019257786	0.15883916
-39.488441	10.235.495	1114.4113	88.645821	0.00019211065	0.15865572
-39.342547	10.290.323	1113.8358	88.678550	0.00019164468	0.15847234
-39.196654	10.345.369	1113.2596	88.711477	0.00019117997	0.15828903
-39.05076	10.400.632	1112.6829	88.744601	0.00019071650	0.15810579
-38.904866	10.456.114	1112.1057	88.777924	0.00019025428	0.15792261
-38.758973	10.511.815	1111.5279	88.811448	0.00018979328	0.15773950
-38.613079	10.567.736	1110.9495	88.845172	0.00018933352	0.15755645
-38.467185	10.623.876	1110.3706	88.879098	0.00018887498	0.15737346
-38.321292	10.680.238	1109.7911	88.913228	0.00018841767	0.15719054
-38.175398	10.736.820	1109.211	88.947561	0.00018796157	0.15700769
-38.029504	10.793.624	1108.6304	88.982100	0.00018750668	0.15682490
-37.883611	10.850.651	1108.0492	89.016845	0.00018705301	0.15664217
-37.737717	10.907.900	1107.4675	89.051798	0.00018660053	0.15645951
-37.591823	10.965.372	1106.8851	89.086959	0.00018614926	0.15627691
-37.44593	11.023.069	1106.3022	89.122329	0.00018569917	0.15609437
-37.300036	11.080.989	1105.7187	89.157910	0.00018525028	0.15591190
-37.154142	11.139.135	1105.1347	89.193703	0.00018480258	0.15572949
-37.008249	11.197.506	1104.55	89.229709	0.00018435605	0.15554714
-36.862355	11.256.103	1103.9648	89.265929	0.00018391071	0.15536485
-36.716461	11.314.926	1103.379	89.302364	0.00018346653	0.15518263
-36.570568	11.373.977	1102.7926	89.339016	0.00018302353	0.15500046
-36.424674	11.433.255	1102.2056	89.375885	0.00018258168	0.15481836
-36.27878	11.492.762	1101.618	89.412973	0.00018214100	0.15463632
-36.132887	11.552.497	1101.0298	89.450280	0.00018170147	0.15445434
-35.986993	11.612.461	1100.441	89.487809	0.00018126310	0.15427242
-35.841099	11.672.655	1099.8516	89.525560	0.00018082587	0.15409056
-35.695206	11.733.079	1099.2616	89.563535	0.00018038978	0.15390877
-35.549312	11.793.734	1098.671	89.601735	0.00017995483	0.15372703
-35.403418	11.854.620	1098.0798	89.640160	0.00017952102	0.15354535
-35.257525	11.915.739	1097.488	89.678813	0.00017908833	0.15336373
-35.111631	11.977.089	1096.8956	89.717694	0.00017865677	0.15318217
-34.965737	12.038.673	1096.3025	89.756806	0.00017822633	0.15300067
-34.819844	12.100.491	1095.7089	89.796148	0.00017779701	0.15281922
-34.67395	12.162.542	1095.1146	89.835723	0.00017736881	0.15263784
-34.528056	12.224.828	1094.5197	89.875532	0.00017694171	0.15245651
-34.382163	12.287.349	1093.9242	89.915575	0.00017651572	0.15227525
-34.236269	12.350.106	1093.328	89.955856	0.00017609083	0.15209403
-34.090375	12.413.099	1092.7312	89.996374	0.00017566703	0.15191288
-33.944482	12.476.329	1092.1338	90.037131	0.00017524433	0.15173178
-33.798588	12.539.796	1091.5357	90.078129	0.00017482272	0.15155074
-33.652694	12.603.502	1090.937	90.119368	0.00017440219	0.15136976
-33.506801	12.667.445	1090.3377	90.160851	0.00017398275	0.15118883
-33.360907	12.731.628	1089.7377	90.202579	0.00017356438	0.15100796
-33.215013	12.796.050	1089.1371	90.244553	0.00017314708	0.15082715
-33.06912	12.860.712	1088.5358	90.286775	0.00017273085	0.15064639
-32.923226	12.925.615	1087.9339	90.329246	0.00017231569	0.15046568
-32.777332	12.990.759	1087.3313	90.371967	0.00017190159	0.15028503
-32.631439	13.056.145	1086.7281	90.414940	0.00017148855	0.15010444
-32.485545	13.121.773	1086.1242	90.458167	0.00017107656	0.14992390
-32.339651	13.187.643	1085.5196	90.501649	0.00017066562	0.14974341
-32.193758	13.253.757	1084.9144	90.545388	0.00017025572	0.14956298
-32.047864	13.320.116	1084.3085	90.589385	0.00016984687	0.14938260
-31.90197	13.386.718	1083.702	90.633641	0.00016943905	0.14920227
-31.756077	13.453.566	1083.0947	90.678159	0.00016903227	0.14902200
-31.610183	13.520.659	1082.4868	90.722939	0.00016862652	0.14884178
-31.464289	13.587.998	1081.8782	90.767984	0.00016822179	0.14866161
-31.318396	13.655.584	1081.269	90.813295	0.00016781809	0.14848149
-31.172502	13.723.417	1080.659	90.858873	0.00016741540	0.14830143
-31.026608	13.791.498	1080.0484	90.904721	0.00016701373	0.14812141
-30.880715	13.859.828	1079.437	90.950839	0.00016661308	0.14794145
-30.734821	13.928.406	1078.825	90.997230	0.00016621342	0.14776154
-30.588927	13.997.234	1078.2123	91.043896	0.00016581478	0.14758168
-30.443034	14.066.311	1077.5989	91.090837	0.00016541713	0.14740187
-30.29714	14.135.640	1076.9847	91.138056	0.00016502048	0.14722211
-30.151246	14.205.219	1076.3699	91.185555	0.00016462482	0.14704240
-30.005353	14.275.050	1075.7544	91.233334	0.00016423016	0.14686274
-29.859459	14.345.133	1075.1381	91.281396	0.00016383647	0.14668313
-29.713565	14.415.470	1074.5212	91.329743	0.00016344377	0.14650356
-29.567672	14.486.059	1073.9035	91.378377	0.00016305205	0.14632405
-29.421778	14.556.902	1073.2851	91.427298	0.00016266130	0.14614458
-29.275884	14.628.000	1072.666	91.476510	0.00016227152	0.14596516
-29.129991	14.699.353	1072.0461	91.526013	0.00016188271	0.14578579
-28.984097	14.770.961	1071.4256	91.575810	0.00016149486	0.14560647
-28.838203	14.842.826	1070.8042	91.625902	0.00016110797	0.14542719
-28.69231	14.914.947	1070.1822	91.676292	0.00016072204	0.14524796
-28.546416	14.987.326	1069.5594	91.726982	0.00016033706	0.14506878
-28.400522	15.059.962	1068.9359	91.777972	0.00015995303	0.14488964
-28.254629	15.132.857	1068.3116	91.829266	0.00015956995	0.14471055
-28.108735	15.206.011	1067.6866	91.880864	0.00015918781	0.14453151
-27.962841	15.279.424	1067.0608	91.932770	0.00015880661	0.14435251
-27.816948	15.353.097	1066.4343	91.984984	0.00015842634	0.14417355
-27.671054	15.427.031	1065.807	92.037510	0.00015804700	0.14399464
-27.52516	15.501.227	1065.1789	92.090349	0.00015766860	0.14381577
-27.379267	15.575.684	1064.5501	92.143502	0.00015729111	0.14363695
-27.233373	15.650.403	1063.9205	92.196973	0.00015691455	0.14345817
-27.087479	15.725.385	1063.2901	92.250763	0.00015653891	0.14327943
-26.941586	15.800.631	1062.659	92.304874	0.00015616418	0.14310074
-26.795692	15.876.141	1062.0271	92.359308	0.00015579036	0.14292209
-26.649798	15.951.915	1061.3944	92.414068	0.00015541745	0.14274348
-26.503905	16.027.955	1060.7609	92.469155	0.00015504544	0.14256491
-26.358011	16.104.260	1060.1266	92.524571	0.00015467434	0.14238639
-26.212117	16.180.832	1059.4915	92.580320	0.00015430413	0.14220790
-26.066224	16.257.671	1058.8556	92.636403	0.00015393481	0.14202946
-25.92033	16.334.777	1058.2189	92.692822	0.00015356639	0.14185106
-25.774436	16.412.151	1057.5815	92.749579	0.00015319885	0.14167269
-25.628543	16.489.794	1056.9432	92.806677	0.00015283220	0.14149437
-25.482649	16.567.706	1056.3041	92.864118	0.00015246643	0.14131609
-25.336755	16.645.887	1055.6642	92.921904	0.00015210153	0.14113784
-25.190862	16.724.339	1055.0234	92.980038	0.00015173751	0.14095964
-25.044968	16.803.062	1054.3818	93.038522	0.00015137436	0.14078147
-24.899074	16.882.057	1053.7395	93.097358	0.00015101208	0.14060334
-24.753181	16.961.323	1053.0962	93.156548	0.00015065066	0.14042525
-24.607287	17.040.862	1052.4522	93.216095	0.00015029010	0.14024720
-24.461393	17.120.674	1051.8073	93.276002	0.00014993039	0.14006918
-24.3155	17.200.760	1051.1615	93.336271	0.00014957155	0.13989120
-24.169606	17.281.121	1050.5149	93.396904	0.00014921355	0.13971326
-24.023712	17.361.756	1049.8675	93.457903	0.00014885640	0.13953535
-23.877819	17.442.667	1049.2192	93.519272	0.00014850010	0.13935748
-23.731925	17.523.854	1048.57	93.581013	0.00014814463	0.13917964
-23.586031	17.605.318	1047.92	93.643128	0.00014779001	0.13900184
-23.440138	17.687.059	1047.2691	93.705620	0.00014743622	0.13882407
-23.294244	17.769.077	1046.6174	93.768491	0.00014708326	0.13864634
-23.14835	17.851.375	1045.9647	93.831745	0.00014673113	0.13846864
-23.002457	17.933.951	1045.3112	93.895383	0.00014637982	0.13829098
-22.856563	18.016.806	1044.6568	93.959409	0.00014602934	0.13811335
-22.710669	18.099.942	1044.0015	94.023824	0.00014567967	0.13793575
-22.564776	18.183.359	1043.3454	94.088633	0.00014533082	0.13775818
-22.418882	18.267.057	1042.6883	94.153837	0.00014498279	0.13758064
-22.272988	18.351.037	1042.0303	94.219440	0.00014463556	0.13740314
-22.127095	18.435.299	1041.3714	94.285444	0.00014428914	0.13722567
-21.981201	18.519.845	1040.7116	94.351852	0.00014394352	0.13704823
-21.835307	18.604.674	1040.0509	94.418667	0.00014359870	0.13687081
-21.689414	18.689.787	1039.3893	94.485892	0.00014325468	0.13669343
-21.54352	18.775.186	1038.7267	94.553529	0.00014291145	0.13651608
-21.397626	18.860.870	1038.0632	94.621583	0.00014256902	0.13633876
-21.251733	18.946.839	1037.3988	94.690055	0.00014222737	0.13616147
-21.105839	19.033.096	1036.7335	94.758948	0.00014188651	0.13598420
-20.959945	19.119.639	1036.0672	94.828267	0.00014154642	0.13580697
-20.814052	19.206.471	1035.3999	94.898013	0.00014120712	0.13562976
-20.668158	19.293.591	1034.7318	94.968191	0.00014086859	0.13545258
-20.522264	19.380.999	1034.0626	95.038803	0.00014053084	0.13527542
-20.376371	19.468.698	1033.3925	95.109852	0.00014019385	0.13509830
-20.230477	19.556.686	1032.7214	95.181341	0.00013985763	0.13492119
-20.084583	19.644.966	1032.0494	95.253275	0.00013952218	0.13474412
-19.93869	19.733.537	1031.3764	95.325656	0.00013918748	0.13456707
-19.792796	19.822.399	1030.7024	95.398487	0.00013885354	0.13439004
-19.646902	19.911.554	1030.0274	95.471773	0.00013852036	0.13421304
-19.501009	20.001.003	1029.3514	95.545515	0.00013818793	0.13403607
-19.355115	20.090.745	1028.6744	95.619719	0.00013785624	0.13385912
-19.209221	20.180.782	1027.9964	95.694387	0.00013752531	0.13368219
-19.063328	20.271.113	1027.3175	95.769523	0.00013719511	0.13350528
-18.917434	20.361.740	1026.6375	95.845130	0.00013686566	0.13332840
-18.77154	20.452.663	1025.9565	95.921212	0.00013653694	0.13315154
-18.625647	20.543.883	1025.2745	95.997774	0.00013620895	0.13297470
-18.479753	20.635.401	1024.5914	96.074818	0.00013588170	0.13279788
-18.333859	20.727.216	1023.9073	96.152348	0.00013555517	0.13262109
-18.187966	20.819.330	1023.2222	96.230368	0.00013522937	0.13244431
-18.042072	20.911.743	1022.5361	96.308882	0.00013490429	0.13226756
-17.896178	21.004.456	1021.8489	96.387895	0.00013457993	0.13209082
-17.750285	21.097.469	1021.1606	96.467409	0.00013425629	0.13191411
-17.604391	21.190.783	1020.4713	96.547429	0.00013393336	0.13173741
-17.458497	21.284.399	1019.7809	96.627959	0.00013361114	0.13156073
-17.312604	21.378.317	1019.0895	96.709004	0.00013328963	0.13138407
-17.16671	21.472.538	1018.397	96.790566	0.00013296883	0.13120743
-17.020816	21.567.062	1017.7034	96.872651	0.00013264873	0.13103081
-16.874923	21.661.890	1017.0087	96.955263	0.00013232932	0.13085420
-16.729029	21.757.023	1016.3129	97.038407	0.00013201062	0.13067761
-16.583135	21.852.462	1015.616	97.122085	0.00013169260	0.13050103
-16.437242	21.948.206	1014.9181	97.206304	0.00013137528	0.13032447
-16.291348	22.044.256	1014.219	97.291067	0.00013105865	0.13014793
-16.145454	22.140.614	1013.5188	97.376380	0.00013074270	0.12997140
-15.999561	22.237.280	1012.8175	97.462246	0.00013042743	0.12979489
-15.853667	22.334.254	1012.115	97.548671	0.00013011285	0.12961839
-15.707773	22.431.536	1011.4114	97.635659	0.00012979894	0.12944190
-15.56188	22.529.129	1010.7067	97.723216	0.00012948570	0.12926543
-15.415986	22.627.031	1010.0009	97.811345	0.00012917314	0.12908897
-15.270092	22.725.245	1009.2939	97.900052	0.00012886124	0.12891252
-15.124199	22.823.770	1008.5857	97.989343	0.00012855001	0.12873608
-14.978305	22.922.607	1007.8764	98.079221	0.00012823945	0.12855966
-14.832411	23.021.756	1007.1659	98.169693	0.00012792954	0.12838325
-14.686518	23.121.219	1006.4542	98.260764	0.00012762030	0.12820684
-14.540624	23.220.996	1005.7414	98.352438	0.00012731171	0.12803045
-14.39473	23.321.088	1005.0274	98.444722	0.00012700377	0.12785407
-14.248837	23.421.494	1004.3121	98.537620	0.00012669648	0.12767770
-14.102943	23.522.217	1003.5957	98.631139	0.00012638983	0.12750134
-13.957049	23.623.256	1002.8781	98.725284	0.00012608383	0.12732498
-13.811156	23.724.612	1002.1592	98.820060	0.00012577848	0.12714864
-13.665262	23.826.286	1001.4392	98.915475	0.00012547376	0.12697230
-13.519368	23.928.278	1000.7179	99.011532	0.00012516968	0.12679597
-13.373475	24.030.589	999.99536	99.108239	0.00012486623	0.12661964
-13.227581	24.133.219	999.2716	99.205601	0.00012456341	0.12644332
-13.081687	24.236.170	998.54659	99.303624	0.00012426122	0.12626701
-12.935794	24.339.442	997.82033	99.402316	0.00012395966	0.12609071
-12.7899	24.443.036	997.0928	99.501681	0.00012365872	0.12591441
-12.644006	24.546.951	996.36402	99.601727	0.00012335839	0.12573811
-12.498113	24.651.189	995.63395	99.702460	0.00012305869	0.12556182
-12.352219	24.755.751	994.90261	99.803886	0.00012275960	0.12538553
-12.206325	24.860.637	994.16998	99.906013	0.00012246113	0.12520925
-12.060432	24.965.848	993.43605	100.008850	0.00012216326	0.12503297
-11.914538	25.071.383	992.70082	100.112390	0.00012186600	0.12485669
-11.768644	25.177.245	991.96428	100.216660	0.00012156935	0.12468042
-11.622751	25.283.434	991.22642	100.321660	0.00012127329	0.12450414
-11.476857	25.389.950	990.48724	100.427390	0.00012097784	0.12432787
-11.330963	25.496.794	989.74673	100.533860	0.00012068298	0.12415160
-11.18507	25.603.966	989.00488	100.641080	0.00012038872	0.12397533
-11.039176	25.711.468	988.26168	100.749060	0.00012009505	0.12379906
-10.893282	25.819.300	987.51712	100.857810	0.00011980196	0.12362279
-10.747389	25.927.462	986.77121	100.967330	0.00011950947	0.12344651
-10.601495	26.035.955	986.02392	101.077620	0.00011921755	0.12327024
-10.455601	26.144.780	985.27526	101.188710	0.00011892622	0.12309397
-10.309708	26.253.938	984.52521	101.300590	0.00011863547	0.12291769
-10.163814	26.363.429	983.77376	101.413280	0.00011834529	0.12274141
-10.01792	26.473.254	983.02091	101.526780	0.00011805568	0.12256512
-98.720267	26.583.413	982.26666	101.641100	0.00011776665	0.12238884
-97.26133	26.693.907	981.51098	101.756250	0.00011747818	0.12221255
-95.802393	26.804.738	980.75388	101.872240	0.00011719028	0.12203625
-94.343457	26.915.904	979.99535	101.989080	0.00011690294	0.12185995
-92.88452	27.027.408	979.23537	102.106770	0.00011661617	0.12168365
-91.425583	27.139.250	978.47394	102.225320	0.00011632995	0.12150734
-89.966647	27.251.430	977.71104	102.344760	0.00011604428	0.12133102
-88.50771	27.363.949	976.94668	102.465070	0.00011575917	0.12115470
-87.048773	27.476.808	976.18085	102.586280	0.00011547460	0.12097836
-85.589837	27.590.008	975.41352	102.708390	0.00011519059	0.12080203
-84.1309	27.703.548	974.6447	102.831410	0.00011490712	0.12062568
-82.671963	27.817.431	973.87438	102.955360	0.00011462419	0.12044932
-81.213027	27.931.656	973.10254	103.080230	0.00011434180	0.12027296
-79.75409	28.046.224	972.32919	103.206050	0.00011405995	0.12009658
-78.295153	28.161.136	971.55429	103.332830	0.00011377863	0.11992020
-76.836217	28.276.393	970.77786	103.460560	0.00011349785	0.11974380
-75.37728	28.391.995	969.99988	103.589270	0.00011321759	0.11956740
-73.918343	28.507.942	969.22034	103.718970	0.00011293787	0.11939098
-72.459407	28.624.237	968.43923	103.849660	0.00011265866	0.11921455
-71.00047	28.740.878	967.65654	103.981350	0.00011237998	0.11903811
-69.541533	28.857.868	966.87227	104.114070	0.00011210181	0.11886166
-68.082597	28.975.206	966.08639	104.247810	0.00011182417	0.11868519
-66.62366	29.092.893	965.2989	104.382590	0.00011154703	0.11850871
-65.164723	29.210.931	964.5098	104.518430	0.00011127041	0.11833221
-63.705787	29.329.319	963.71907	104.655330	0.00011099430	0.11815570
-62.24685	29.448.059	962.9267	104.793310	0.00011071869	0.11797917
-60.787913	29.567.150	962.13268	104.932380	0.00011044359	0.11780263
-59.328977	29.686.595	961.337	105.072550	0.00011016898	0.11762607
-57.87004	29.806.393	960.53965	105.213830	0.00010989488	0.11744950
-56.411103	29.926.545	959.74062	105.356250	0.00010962127	0.11727290
-54.952167	30.047.052	958.9399	105.499800	0.00010934815	0.11709629
-53.49323	30.167.915	958.13748	105.644500	0.00010907553	0.11691966
-52.034293	30.289.134	957.33334	105.790380	0.00010880339	0.11674301
-50.575357	30.410.709	956.52748	105.937430	0.00010853174	0.11656634
-49.11642	30.532.643	955.71988	106.085680	0.00010826056	0.11638965
-47.657483	30.654.935	954.91053	106.235140	0.00010798987	0.11621295
-46.198547	30.777.586	954.09943	106.385820	0.00010771966	0.11603622
-44.73961	30.900.598	953.28655	106.537740	0.00010744992	0.11585946
-43.280673	31.023.969	952.4719	106.690910	0.00010718066	0.11568269
-41.821737	31.147.702	951.65544	106.845350	0.00010691186	0.11550589
-40.3628	31.271.797	950.83719	107.001080	0.00010664353	0.11532907
-38.903863	31.396.255	950.01711	107.158100	0.00010637566	0.11515223
-37.444927	31.521.076	949.19521	107.316440	0.00010610826	0.11497536
-35.98599	31.646.261	948.37146	107.476110	0.00010584131	0.11479847
-34.527053	31.771.811	947.54586	107.637130	0.00010557482	0.11462155
-33.068117	31.897.727	946.71839	107.799510	0.00010530878	0.11444460
-31.60918	32.024.009	945.88904	107.963270	0.00010504319	0.11426763
-30.150243	32.150.658	945.05779	108.128420	0.00010477805	0.11409063
-28.691307	32.277.675	944.22464	108.295000	0.00010451336	0.11391360
-27.23237	32.405.060	943.38957	108.463000	0.00010424911	0.11373655
-25.773433	32.532.815	942.55256	108.632460	0.00010398530	0.11355946
-24.314497	32.660.939	941.71361	108.803380	0.00010372192	0.11338235
-22.85556	32.789.435	940.8727	108.975800	0.00010345898	0.11320521
-21.396623	32.918.302	940.02981	109.149720	0.00010319647	0.11302803
-19.937687	33.047.541	939.18493	109.325160	0.00010293439	0.11285083
-18.47875	33.177.153	938.33806	109.502160	0.00010267273	0.11267359
-17.019813	33.307.139	937.48916	109.680710	0.00010241150	0.11249632
-15.560877	33.437.499	936.63823	109.860860	0.00010215069	0.11231902
-14.10194	33.568.235	935.78526	110.042610	0.00010189029	0.11214168
-12.643003	33.699.347	934.93022	110.225980	0.00010163031	0.11196431
-11.184067	33.830.835	934.07311	110.411010	0.00010137074	0.11178690
#VALOR!	33.962.701	933.21391	110.597710	0.00010111158	0.11160946
#VALOR!	34.094.945	932.3526	110.786090	0.00010085283	0.11143198
#VALOR!	34.227.568	931.48917	110.976200	0.00010059448	0.11125447
#VALOR!	34.360.571	930.6236	111.168040	0.00010033653	0.11107692
#VALOR!	34.493.955	929.75587	111.361650	0.00010007897	0.11089933
#VALOR!	34.627.719	928.88598	111.557030	9.98218140E-05	0.11072170
#VALOR!	34.761.866	928.0139	111.754230	9.95650470E-05	0.11054403
#VALOR!	34.896.396	927.13961	111.953270	9.93086680E-05	0.11036633
#VALOR!	35.031.310	926.2631	112.154160	9.90526750E-05	0.11018858
#VALOR!	35.166.608	925.38436	112.356940	9.87970640E-05	0.11001079
#VALOR!	35.302.291	924.50336	112.561630	9.85418330E-05	0.10983296
#VALOR!	35.438.360	923.62009	112.768260	9.82869790E-05	0.10965509
#VALOR!	35.574.816	922.73453	112.976850	9.80324980E-05	0.10947717
#VALOR!	35.711.659	921.84666	113.187440	9.77783880E-05	0.10929921
10.699983	35.848.891	920.95647	113.400040	9.75246460E-05	0.10912121
12.15892	35.986.512	920.06393	113.614700	9.72712680E-05	0.10894316
13.617857	36.124.523	919.16903	113.831440	9.70182520E-05	0.10876507
15.076793	36.262.925	918.27175	114.050280	9.67655940E-05	0.10858693
16.53573	36.401.718	917.37206	114.271270	9.65132910E-05	0.10840875
17.994667	36.540.904	916.46996	114.494430	9.62613410E-05	0.10823051
19.453603	36.680.483	915.56542	114.719790	9.60097390E-05	0.10805223
20.91254	36.820.456	914.65842	114.947380	9.57584830E-05	0.10787390
22.371477	36.960.824	913.74893	115.177250	9.55075700E-05	0.10769552
23.830413	37.101.587	912.83695	115.409410	9.52569970E-05	0.10751709
25.28935	37.242.747	911.92245	115.643920	9.50067590E-05	0.10733861
26.748287	37.384.304	911.0054	115.880790	9.47568550E-05	0.10716008
28.207223	37.526.259	910.0858	116.120080	9.45072810E-05	0.10698150
29.66616	37.668.613	909.16361	116.361810	9.42580320E-05	0.10680287
31.125097	37.811.366	908.23881	116.606030	9.40091080E-05	0.10662418
32.584033	37.954.521	907.31138	116.852760	9.37605020E-05	0.10644544
34.04297	38.098.076	906.3813	117.102060	9.35122140E-05	0.10626664
35.501907	38.242.034	905.44855	117.353960	9.32642380E-05	0.10608779
36.960843	38.386.395	904.51311	117.608500	9.30165720E-05	0.10590889
38.41978	38.531.160	903.57494	117.865730	9.27692130E-05	0.10572993
39.878717	38.676.330	902.63403	118.125680	9.25221560E-05	0.10555091
41.337653	38.821.906	901.69035	118.388410	9.22753980E-05	0.10537184
42.79659	38.967.888	900.74387	118.653950	9.20289370E-05	0.10519270
44.255527	39.114.277	899.79459	118.922350	9.17827680E-05	0.10501351
45.714463	39.261.075	898.84246	119.193670	9.15368870E-05	0.10483427
47.1734	39.408.281	897.88746	119.467940	9.12912920E-05	0.10465496
48.632337	39.555.898	896.92956	119.745220	9.10459780E-05	0.10447559
50.091273	39.703.925	895.96875	120.025560	9.08009420E-05	0.10429616
51.55021	39.852.365	895.00499	120.309010	9.05561810E-05	0.10411667
53.009147	40.001.216	894.03826	120.595620	9.03116900E-05	0.10393712
54.468083	40.150.482	893.06853	120.885440	9.00674660E-05	0.10375751
55.92702	40.300.161	892.09576	121.178540	8.98235040E-05	0.10357783
57.385957	40.450.256	891.11994	121.474970	8.95798030E-05	0.10339809
58.844893	40.600.767	890.14104	121.774790	8.93363560E-05	0.10321829
60.30383	40.751.695	889.15902	122.078050	8.90931610E-05	0.10303843
61.762767	40.903.041	888.17385	122.384820	8.88502130E-05	0.10285850
63.221703	41.054.806	887.18551	122.695160	8.86075100E-05	0.10267851
64.68064	41.206.991	886.19396	123.009140	8.83650450E-05	0.10249845
66.139577	41.359.597	885.19918	123.326810	8.81228170E-05	0.10231832
67.598513	41.512.624	884.20113	123.648260	8.78808200E-05	0.10213813
69.05745	41.666.073	883.19977	123.973540	8.76390500E-05	0.10195788
70.516387	41.819.946	882.19509	124.302730	8.73975040E-05	0.10177755
71.975323	41.974.244	881.18703	124.635910	8.71561770E-05	0.10159716
73.43426	42.128.966	880.17558	124.973130	8.69150650E-05	0.10141671
74.893197	42.284.116	879.1607	125.314490	8.66741630E-05	0.10123619
76.352133	42.439.692	878.14234	125.660060	8.64334680E-05	0.10105559
77.81107	42.595.696	877.12048	126.009930	8.61929740E-05	0.10087494
79.270007	42.752.130	876.09508	126.364160	8.59526780E-05	0.10069421
80.728943	42.908.994	875.06611	126.722850	8.57125740E-05	0.10051342
82.18788	43.066.288	874.03352	127.086090	8.54726590E-05	0.10033255
83.646817	43.224.015	872.99727	127.453960	8.52329280E-05	0.10015162
85.105753	43.382.175	871.95734	127.826560	8.49933760E-05	0.099970624
86.56469	43.540.769	870.91367	128.203970	8.47539990E-05	0.099789558
88.023627	43.699.797	869.86624	128.586310	8.45147910E-05	0.099608423
89.482563	43.859.262	868.815	128.973650	8.42757480E-05	0.099427220
90.9415	44.019.164	867.7599	129.366120	8.40368660E-05	0.099245950
92.400437	44.179.503	866.70091	129.763800	8.37981380E-05	0.099064611
93.859373	44.340.282	865.63799	130.166810	8.35595600E-05	0.098883205
95.31831	44.501.500	864.57108	130.575260	8.33211270E-05	0.098701732
96.777247	44.663.160	863.50015	130.989260	8.30828350E-05	0.098520192
98.236183	44.825.261	862.42515	131.408930	8.28446760E-05	0.098338585
99.69512	44.987.806	861.34604	131.834380	8.26066480E-05	0.098156912
10.115406	45.150.794	860.26276	132.265740	8.23687430E-05	0.097975174
10.261299	45.314.228	859.17527	132.703130	8.21309570E-05	0.097793370
10.407193	45.478.107	858.08352	133.146690	8.18932840E-05	0.097611502
10.553087	45.642.434	856.98746	133.596540	8.16557190E-05	0.097429570
10.69898	45.807.209	855.88705	134.052830	8.14182560E-05	0.097247575
10.844874	45.972.434	854.78222	134.515690	8.11808890E-05	0.097065518
10.990768	46.138.108	853.67293	134.985270	8.09436120E-05	0.096883399
11.136661	46.304.235	852.55913	135.461710	8.07064200E-05	0.096701221
11.282555	46.470.813	851.44075	135.945170	8.04693060E-05	0.096518983
11.428449	46.637.846	850.31775	136.435800	8.02322650E-05	0.096336686
11.574342	46.805.333	849.19006	136.933770	7.99952900E-05	0.096154334
11.720236	46.973.275	848.05764	137.439240	7.97583750E-05	0.095971926
11.86613	47.141.675	846.92041	137.952380	7.95215140E-05	0.095789463
12.012023	47.310.533	845.77832	138.473370	7.92847000E-05	0.095606949
12.157917	47.479.850	844.63131	139.002390	7.90479270E-05	0.095424384
12.303811	47.649.627	843.47932	139.539630	7.88111880E-05	0.095241771
12.449704	47.819.865	842.32228	140.085270	7.85744770E-05	0.095059111
12.595598	47.990.566	841.16012	140.639510	7.83377850E-05	0.094876406
12.741492	48.161.731	839.99279	141.202570	7.81011080E-05	0.094693659
12.887385	48.333.360	838.82021	141.774630	7.78644360E-05	0.094510872
13.033279	48.505.455	837.64231	142.355930	7.76277640E-05	0.094328048
13.179173	48.678.018	836.45903	142.946680	7.73910840E-05	0.094145189
13.325066	48.851.049	835.27028	143.547110	7.71543880E-05	0.093962299
13.47096	49.024.549	834.076	144.157470	7.69176690E-05	0.093779380
13.616854	49.198.521	832.87611	144.777980	7.66809200E-05	0.093596436
13.762747	49.372.964	831.67054	145.408910	7.64441310E-05	0.093413471
13.908641	49.547.880	830.4592	146.050500	7.62072970E-05	0.093230488
14.054535	49.723.271	829.24202	146.703040	7.59704070E-05	0.093047491
14.200428	49.899.137	828.01891	147.366800	7.57334550E-05	0.092864484
14.346322	50.075.480	826.78979	148.042050	7.54964310E-05	0.092681473
14.492216	50.252.301	825.55457	148.729100	7.52593280E-05	0.092498461
14.638109	50.429.601	824.31317	149.428250	7.50221360E-05	0.092315454
14.784003	50.607.382	823.0655	150.139820	7.47848470E-05	0.092132458
14.929897	50.785.645	821.81146	150.864130	7.45474520E-05	0.091949477
15.07579	50.964.391	820.55096	151.601520	7.43099410E-05	0.091766518
15.221684	51.143.621	819.2839	152.352330	7.40723050E-05	0.091583588
15.367578	51.323.337	818.01019	153.116940	7.38345350E-05	0.091400694
15.513471	51.503.540	816.72973	153.895700	7.35966210E-05	0.091217841
15.659365	51.684.232	815.44241	154.689020	7.33585540E-05	0.091035039
15.805259	51.865.413	814.14813	155.497300	7.31203220E-05	0.090852295
15.951152	52.047.086	812.84678	156.320940	7.28819160E-05	0.090669618
16.097046	52.229.250	811.53825	157.160400	7.26433250E-05	0.090487017
16.24294	52.411.909	810.22242	158.016100	7.24045390E-05	0.090304501
16.388833	52.595.063	808.89919	158.888540	7.21655470E-05	0.090122081
16.534727	52.778.713	807.56843	159.778180	7.19263370E-05	0.089939768
16.680621	52.962.861	806.23002	160.685550	7.16868980E-05	0.089757573
16.826514	53.147.509	804.88383	161.611150	7.14472190E-05	0.089575508
16.972408	53.332.658	803.52975	162.555560	7.12072870E-05	0.089393586
17.118302	53.518.309	802.16762	163.519330	7.09670900E-05	0.089211821
17.264195	53.704.463	800.79733	164.503060	7.07266170E-05	0.089030226
17.410089	53.891.123	799.41873	165.507380	7.04858530E-05	0.088848819
17.555983	54.078.290	798.03169	166.532950	7.02447870E-05	0.088667614
17.701876	54.265.965	796.63604	167.580430	7.00034050E-05	0.088486628
17.84777	54.454.149	795.23165	168.650540	6.97616920E-05	0.088305881
17.993664	54.642.845	793.81836	169.744020	6.95196360E-05	0.088125392
18.139557	54.832.054	792.39601	170.861660	6.92772210E-05	0.087945180
18.285451	55.021.777	790.96444	172.004280	6.90344330E-05	0.087765268
18.431345	55.212.017	789.52347	173.172720	6.87912560E-05	0.087585679
18.577238	55.402.774	788.07294	174.367890	6.85476760E-05	0.087406438
18.723132	55.594.050	786.61267	175.590730	6.83036750E-05	0.087227570
18.869026	55.785.847	785.14247	176.842240	6.80592380E-05	0.087049103
19.014919	55.978.167	783.66216	178.123460	6.78143470E-05	0.086871067
19.160813	56.171.011	782.17153	179.435490	6.75689850E-05	0.086693493
19.306707	56.364.381	780.67039	180.779480	6.73231340E-05	0.086516413
19.4526	56.558.278	779.15852	182.156660	6.70767750E-05	0.086339864
19.598494	56.752.705	777.63571	183.568320	6.68298880E-05	0.086163882
19.744388	56.947.664	776.10174	185.015810	6.65824550E-05	0.085988508
19.890281	57.143.155	774.55638	186.500580	6.63344550E-05	0.085813783
20.036175	57.339.181	772.99938	188.024130	6.60858650E-05	0.085639754
20.182069	57.535.744	771.4305	189.588080	6.58366650E-05	0.085466468
20.327962	57.732.846	769.84948	191.194130	6.55868310E-05	0.085293976
20.473856	57.930.488	768.25606	192.844090	6.53363400E-05	0.085122333
20.61975	58.128.672	766.64996	194.539860	6.50851680E-05	0.084951597
20.765643	58.327.401	765.03089	196.283480	6.48332880E-05	0.084781829
20.911537	58.526.676	763.39856	198.077110	6.45806750E-05	0.084613095
21.057431	58.726.500	761.75265	199.923040	6.43273000E-05	0.084445467
21.203324	58.926.874	760.09284	201.823710	6.40731360E-05	0.084279018
21.349218	59.127.800	758.41879	203.781720	6.38181530E-05	0.084113829
21.495112	59.329.281	756.73016	205.799840	6.35623180E-05	0.083949985
21.641005	59.531.318	755.02658	207.881030	6.33056010E-05	0.083787577
21.786899	59.733.915	753.30767	210.028420	6.30479680E-05	0.083626703
21.932793	59.937.073	751.57302	212.245400	6.27893820E-05	0.083467467
22.078686	60.140.794	749.82223	214.535570	6.25298080E-05	0.083309979
22.22458	60.345.080	748.05486	216.902770	6.22692060E-05	0.083154359
22.370474	60.549.935	746.27044	219.351130	6.20075360E-05	0.083000733
22.516367	60.755.360	744.46852	221.885080	6.17447570E-05	0.082849237
22.662261	60.961.357	742.64858	224.509360	6.14808230E-05	0.082700017
22.808155	61.167.930	740.8101	227.229070	6.12156880E-05	0.082553227
22.954048	61.375.080	738.95253	230.049700	6.09493050E-05	0.082409034
23.099942	61.582.811	737.0753	232.977130	6.06816200E-05	0.082267616
23.245836	61.791.125	735.17779	236.017730	6.04125820E-05	0.082129164
23.391729	62.000.023	733.25937	239.178350	6.01421330E-05	0.081993881
23.537623	62.209.510	731.31937	242.466380	5.98702150E-05	0.081861987
23.683517	62.419.588	729.35706	245.889830	5.95967640E-05	0.081733715
23.82941	62.630.259	727.37172	249.457360	5.93217150E-05	0.081609316
23.975304	62.841.527	725.36255	253.178350	5.90449990E-05	0.081489060
24.121198	63.053.394	723.32871	257.063010	5.87665420E-05	0.081373236
24.267091	63.265.864	721.26933	261.122400	5.84862680E-05	0.081262153
24.412985	63.478.938	719.18348	265.368600	5.82040940E-05	0.081156144
24.558879	63.692.621	717.07016	269.814760	5.79199360E-05	0.081055565
24.704772	63.906.916	714.92834	274.475270	5.76337020E-05	0.080960800
24.850666	64.121.825	712.75691	279.365890	5.73452960E-05	0.080872261
24.99656	64.337.353	710.55469	284.503880	5.70546160E-05	0.080790392
25.142453	64.553.501	708.32042	289.908250	5.67615530E-05	0.080715668
25.288347	64.770.275	706.05278	295.599960	5.64659930E-05	0.080648604
25.434241	64.987.677	703.75035	301.602150	5.61678140E-05	0.080589756
25.580134	65.205.711	701.41161	307.940490	5.58668860E-05	0.080539721
25.726028	65.424.381	699.03494	314.643500	5.55630690E-05	0.080499149
25.871922	65.643.691	696.6186	321.742970	5.52562170E-05	0.080468742
26.017815	65.863.644	694.16074	329.274500	5.49461710E-05	0.080449264
26.163709	66.084.245	691.65935	337.278030	5.46327610E-05	0.080441549
26.309603	66.305.497	689.11229	345.798600	5.43158060E-05	0.080446506
26.455496	66.527.406	686.51723	354.887210	5.39951080E-05	0.080465135
26.60139	66.749.976	683.87165	364.601830	5.36704570E-05	0.080498535
26.747284	66.973.211	681.17281	375.008710	5.33416220E-05	0.080547924
26.893177	67.197.116	678.41776	386.183920	5.30083550E-05	0.080614657
27.039071	67.421.696	675.60324	398.215320	5.26703830E-05	0.080700250
27.184965	67.646.957	672.72568	411.204920	5.23274080E-05	0.080806409
27.330858	67.872.904	669.78116	425.271980	5.19791020E-05	0.080935066
27.476752	68.099.542	666.76535	440.556780	5.16251030E-05	0.081088430
27.622646	68.326.879	663.67342	457.225550	5.12650100E-05	0.081269038
27.768539	68.554.919	660.49998	475.476780	5.08983710E-05	0.081479833
27.914433	68.783.671	657.239	495.549410	5.05246830E-05	0.081724258
28.060327	69.013.140	653.88362	517.733670	5.01433750E-05	0.082006371
28.20622	69.243.335	650.42606	542.385460	4.97537980E-05	0.082331012
28.352114	69.474.264	646.85742	569.945850	4.93552070E-05	0.082703999
28.498008	69.705.935	643.1674	600.967790	4.89467430E-05	0.083132413
28.643901	69.938.357	639.34402	636.153290	4.85274070E-05	0.083624967
28.789795	70.171.540	635.37321	676.406760	4.80960230E-05	0.084192526
28.935689	70.405.496	631.2383	722.910460	4.76512030E-05	0.084848816
29.081582	70.640.235	626.91929	777.240680	4.71912800E-05	0.085611491
29.227476	70.875.771	622.3919	841.540690	4.67142340E-05	0.086503645
29.37337	71.112.117	617.62624	918.795680	4.62175870E-05	0.087556142
29.519263	71.349.288	612.58498	1013.28130	4.56982490E-05	0.088811249
29.665157	71.587.303	607.22054	1131.32790	4.51522990E-05	0.090328543
29.811051	71.826.180	601.47095	1282.69060	4.45746480E-05	0.092194970
29.956944	72.065.943	595.2532	1483.16040	4.39585140E-05	0.094542910
30.102838	72.306.618	588.45218	1759.93940	4.32945410E-05	0.097584922
30.248732	72.548.238	580.90066	2163.84120	4.25692170E-05	0.10168663
30.394625	72.790.845	572.33977	2800.87940	4.17617550E-05	0.10753836
30.540519	73.034.496	562.32917	3930.85410	4.08370090E-05	0.11663149
30.686413	73.279.274	549.99537	6380.35080	3.97256740E-05	0.13296651
30.832306	73.525.319	532.99076	14610.54200	3.82424960E-05	0.17303226
